7.000443000000000053e-06
5.386512999999999736e-06
3.726340999999999870e-06
2.253907999999999936e-06
1.201709999999999926e-06
6.157360999999999678e-07
3.334593000000000245e-07
1.796969999999999977e-07
8.118158000000000371e-08
1.032239000000000062e-05
7.916772000000000238e-06
5.415189000000000170e-06
3.204115999999999970e-06
1.675717999999999971e-06
8.652736999999999933e-07
4.787227999999999806e-07
2.581632999999999834e-07
1.130117999999999956e-07
1.096875999999999965e-05
8.447634999999999292e-06
5.797327000000000068e-06
3.428030000000000025e-06
1.784714000000000003e-06
9.198335000000000422e-07
5.111788000000000430e-07
2.773788000000000009e-07
1.217455999999999887e-07
1.189553000000000027e-05
9.138883999999999422e-06
6.264180000000000391e-06
3.699499999999999901e-06
1.922703999999999930e-06
9.905447000000000302e-07
5.503452000000000066e-07
2.981719999999999783e-07
1.304991999999999937e-07
1.239454999999999977e-05
9.479237999999999586e-06
6.484602999999999585e-06
3.830171000000000026e-06
1.992423000000000185e-06
1.025809000000000024e-06
5.676090999999999498e-07
3.060741999999999761e-07
1.335324999999999948e-07
3.119832999999999781e-05
2.227516000000000036e-05
1.398110000000000070e-05
7.729395999999999950e-06
4.053635999999999757e-06
2.216053999999999840e-06
1.225841000000000051e-06
5.950594999999999691e-07
2.160919000000000081e-07
3.971901999999999838e-05
2.805286000000000097e-05
1.735814999999999914e-05
9.493215000000000214e-06
4.993764000000000220e-06
2.758078000000000142e-06
1.523036000000000007e-06
7.244358999999999972e-07
2.529386999999999831e-07
4.697765999999999975e-05
3.305912999999999869e-05
2.031005000000000047e-05
1.102416999999999986e-05
5.798619000000000157e-06
3.223909000000000205e-06
1.784694999999999902e-06
8.421440000000000002e-07
2.875649000000000023e-07
4.941775999999999694e-05
3.474619000000000215e-05
2.130941000000000034e-05
1.154406000000000074e-05
6.071437000000000397e-06
3.380964000000000178e-06
1.872682000000000013e-06
8.818659999999999903e-07
2.993133000000000045e-07
6.692016000000000067e-05
4.519926000000000336e-05
2.686718999999999848e-05
1.456319999999999975e-05
7.873835999999999197e-06
4.415320999999999836e-06
2.346961999999999943e-06
1.023733000000000105e-06
3.184661000000000064e-07
9.192254000000000234e-05
6.094794000000000248e-05
3.560803999999999798e-05
1.923320000000000078e-05
1.052694999999999922e-05
5.939896999999999789e-06
3.103874000000000176e-06
1.298634000000000033e-06
3.793626999999999775e-07
1.006776999999999932e-04
6.646473000000000290e-05
3.865976000000000270e-05
2.085852000000000168e-05
1.145138999999999947e-05
6.473396999999999848e-06
3.369925000000000181e-06
1.395389999999999950e-06
4.007902000000000150e-07
1.465054000000000085e-04
9.403118999999999443e-05
5.377238999999999966e-05
2.925235000000000124e-05
1.638048999999999942e-05
9.225491999999999796e-06
4.615431999999999926e-06
1.781708000000000035e-06
4.676300000000000124e-07
1.700127000000000062e-04
1.080906999999999983e-04
6.148498999999999761e-05
3.356681999999999993e-05
1.892257999999999934e-05
1.063662999999999950e-05
5.245204999999999699e-06
1.972698999999999948e-06
4.996117000000000374e-07
2.093963000000000063e-04
1.311728999999999922e-04
7.431946999999999675e-05
4.099278999999999754e-05
2.332941999999999864e-05
1.299476000000000025e-05
6.220545999999999988e-06
2.235392000000000010e-06
5.330167999999999769e-07
4.111825000000000226e-07
4.908315999999999891e-07
5.630176999999999898e-07
5.929522000000000121e-07
5.384669999999999472e-07
3.969839000000000109e-07
2.358135000000000092e-07
1.246888000000000015e-07
6.959911000000000204e-08
6.010143999999999796e-07
7.220171999999999572e-07
8.386078999999999690e-07
8.944330999999999652e-07
8.084652999999999834e-07
5.777628999999999914e-07
3.311988999999999813e-07
1.735281000000000092e-07
9.926178000000000172e-08
6.235478999999999477e-07
7.505830999999999576e-07
8.774377000000000220e-07
9.468393999999999677e-07
8.651693000000000125e-07
6.197945000000000380e-07
3.536212000000000246e-07
1.841718999999999976e-07
1.054228999999999983e-07
6.957827000000000011e-07
8.309661999999999622e-07
9.603424999999999452e-07
1.028343000000000091e-06
9.375601999999999703e-07
6.702593000000000228e-07
3.815529000000000099e-07
1.986147999999999978e-07
1.136748999999999984e-07
7.634957000000000463e-07
8.984309999999999536e-07
1.017932000000000065e-06
1.073586000000000016e-06
9.722020999999999782e-07
6.939657000000000319e-07
3.956978999999999820e-07
2.064524999999999887e-07
1.178395000000000011e-07
2.461362000000000067e-06
2.894460999999999967e-06
3.164732999999999808e-06
3.011623000000000100e-06
2.332939999999999978e-06
1.452194000000000093e-06
7.916224000000000146e-07
4.426036999999999811e-07
2.713804000000000072e-07
3.244343999999999951e-06
3.811697999999999805e-06
4.145931000000000201e-06
3.890105999999999987e-06
2.944175999999999880e-06
1.793113999999999998e-06
9.717010999999999130e-07
5.506379999999999574e-07
3.411553000000000161e-07
3.844919999999999942e-06
4.532701000000000057e-06
4.948349999999999811e-06
4.638109000000000150e-06
3.477928000000000119e-06
2.091461000000000202e-06
1.126064999999999992e-06
6.418234000000000110e-07
4.010839999999999935e-07
4.051012000000000170e-06
4.776339000000000349e-06
5.216876000000000160e-06
4.888763000000000139e-06
3.657861000000000146e-06
2.192691000000000162e-06
1.178597999999999977e-06
6.726894000000000176e-07
4.212355000000000135e-07
6.604002000000000269e-06
7.565835000000000382e-06
7.787766999999999937e-06
6.730179999999999825e-06
4.695522999999999766e-06
2.740915000000000082e-06
1.515121000000000058e-06
9.019003000000000256e-07
5.572242999999999904e-07
9.700571999999999998e-06
1.102653000000000063e-05
1.113933000000000063e-05
9.336747999999999532e-06
6.303053999999999843e-06
3.612988999999999875e-06
2.015950000000000155e-06
1.225422999999999948e-06
7.559164000000000256e-07
1.076552000000000022e-05
1.222579000000000005e-05
1.231155999999999974e-05
1.025204999999999953e-05
6.866097000000000340e-06
3.916815999999999939e-06
2.189893999999999823e-06
1.338146999999999972e-06
8.256734999999999984e-07
1.778972000000000151e-05
1.970808000000000054e-05
1.898073999999999879e-05
1.496864999999999940e-05
9.608574000000000341e-06
5.434677999999999638e-06
3.128765000000000104e-06
1.957938999999999941e-06
1.180537999999999953e-06
2.149497000000000132e-05
2.362953000000000007e-05
2.243475000000000064e-05
1.737954999999999863e-05
1.100221999999999916e-05
6.211021000000000279e-06
3.614136999999999800e-06
2.278527999999999795e-06
1.361880999999999938e-06
2.871189000000000133e-05
3.091277999999999848e-05
2.843928999999999991e-05
2.134097999999999976e-05
1.326075000000000005e-05
7.522648000000000248e-06
4.473436000000000380e-06
2.840740000000000012e-06
1.659944999999999953e-06
