7.222644999999999861e-06
5.567624999999999908e-06
3.860878000000000408e-06
2.340464000000000145e-06
1.247912000000000064e-06
6.369925000000000045e-07
3.433223000000000117e-07
1.845539000000000072e-07
8.331388999999999880e-08
1.065108000000000069e-05
8.185045999999999560e-06
5.613633000000000197e-06
3.329182000000000171e-06
1.740102999999999948e-06
8.945438000000000351e-07
4.926518000000000254e-07
2.651102000000000071e-07
1.159901000000000005e-07
1.131533999999999931e-05
8.732009999999999428e-06
6.009056999999999649e-06
3.561933000000000003e-06
1.853416999999999953e-06
9.508989000000000049e-07
5.259944999999999790e-07
2.848131999999999818e-07
1.249441000000000024e-07
1.227268000000000055e-05
9.447079000000000628e-06
6.493138999999999735e-06
3.844137999999999955e-06
1.996625000000000132e-06
1.023879999999999928e-06
5.662705999999999541e-07
3.061687999999999827e-07
1.339382000000000022e-07
1.278939999999999989e-05
9.799388999999999631e-06
6.721300999999999736e-06
3.979492999999999780e-06
2.068738999999999795e-06
1.060238000000000021e-06
5.840279999999999672e-07
3.142826999999999797e-07
1.370460999999999873e-07
3.223938000000000032e-05
2.307131999999999852e-05
1.451361000000000011e-05
8.026801000000000197e-06
4.196319000000000268e-06
2.283510999999999913e-06
1.259543999999999913e-06
6.108220999999999543e-07
2.218039999999999922e-07
4.105369000000000233e-05
2.906394000000000078e-05
1.802340000000000094e-05
9.857078000000000698e-06
5.166602000000000275e-06
2.840622000000000143e-06
1.564555000000000049e-06
7.435875000000000402e-07
2.596349999999999820e-07
4.856337000000000121e-05
3.425876000000000198e-05
2.109434999999999904e-05
1.144773999999999994e-05
5.998243999999999961e-06
3.319749000000000036e-06
1.833261000000000073e-06
8.644096000000000273e-07
2.951869000000000159e-07
5.108294000000000121e-05
3.600562000000000104e-05
2.213181999999999845e-05
1.198686999999999997e-05
6.279658999999999705e-06
3.481065000000000103e-06
1.923478999999999935e-06
9.051709999999999730e-07
3.072667000000000180e-07
6.925315999999999341e-05
4.687947000000000197e-05
2.790311999999999857e-05
1.510275000000000037e-05
8.131681000000000114e-06
4.542692000000000348e-06
2.410290000000000177e-06
1.050883999999999949e-06
3.269694000000000161e-07
9.517908999999999745e-05
6.324585000000000027e-05
3.698575999999999806e-05
1.993516999999999975e-05
1.086341999999999974e-05
6.108721999999999820e-06
3.187439000000000197e-06
1.333170000000000019e-06
3.895048999999999742e-07
1.042537999999999945e-04
6.897762000000000316e-05
4.015673000000000338e-05
2.161659000000000169e-05
1.181487000000000060e-05
6.656418000000000412e-06
3.460431000000000157e-06
1.432509999999999902e-06
4.115214000000000178e-07
1.518268999999999880e-04
9.763114999999999782e-05
5.583305000000000239e-05
3.028003000000000018e-05
1.688256000000000053e-05
9.482063000000000698e-06
4.739058000000000189e-06
1.829148000000000042e-06
4.801868000000000525e-07
1.762353000000000031e-04
1.122473000000000053e-04
6.383313000000000593e-05
3.473245999999999712e-05
1.949595000000000093e-05
1.093071999999999993e-05
5.385404999999999644e-06
2.025278000000000144e-06
5.130022999999999799e-07
2.171514000000000094e-04
1.362311999999999909e-04
7.712232999999999383e-05
4.238214999999999875e-05
2.402228000000000067e-05
1.335104000000000084e-05
6.386725999999999641e-06
2.295142000000000158e-06
5.473831000000000438e-07
4.213140000000000098e-07
5.027391000000000313e-07
5.770985000000000109e-07
6.092941999999999609e-07
5.557380999999999622e-07
4.118074000000000245e-07
2.454088000000000131e-07
1.296344999999999952e-07
7.202383000000000232e-08
6.157635999999999857e-07
7.393356999999999676e-07
8.592292999999999474e-07
9.189426999999999956e-07
8.349305999999999788e-07
5.999506000000000280e-07
3.448643000000000132e-07
1.803814000000000008e-07
1.026607999999999977e-07
6.387847000000000091e-07
7.683906000000000196e-07
8.986138999999999837e-07
9.722965000000000005e-07
8.932262999999999838e-07
6.435598999999999816e-07
3.682343999999999823e-07
1.914581000000000116e-07
1.090293999999999982e-07
7.129266000000000200e-07
8.509888999999999526e-07
9.838567000000000699e-07
1.056134000000000026e-06
9.680260999999999016e-07
6.960433999999999764e-07
3.973222000000000001e-07
2.064499000000000069e-07
1.175515999999999976e-07
7.826070000000000145e-07
9.206730000000000280e-07
1.043501000000000074e-06
1.102924999999999905e-06
1.003885000000000045e-06
7.206247999999999983e-07
4.119902000000000094e-07
2.145574000000000019e-07
1.218499000000000037e-07
2.521391000000000082e-06
2.966131000000000079e-06
3.249982999999999966e-06
3.105988999999999901e-06
2.418627999999999944e-06
1.510787000000000067e-06
8.233190999999999545e-07
4.584490999999999967e-07
2.797913999999999890e-07
3.323189999999999941e-06
3.906258000000000302e-06
4.258771999999999855e-06
4.014185000000000260e-06
3.054102999999999988e-06
1.865991999999999998e-06
1.010330000000000074e-06
5.700234999999999559e-07
3.515618000000000240e-07
3.938104999999999965e-06
4.644702000000000241e-06
5.082965999999999777e-06
4.787238000000000294e-06
3.609343999999999845e-06
2.177119000000000187e-06
1.170895999999999978e-06
6.642995999999999645e-07
4.132631999999999971e-07
4.149248999999999887e-06
4.894160000000000250e-06
5.358393999999999641e-06
5.045715000000000021e-06
3.796136999999999921e-06
2.282457000000000041e-06
1.225438999999999966e-06
6.961498999999999516e-07
4.339628999999999875e-07
6.768152999999999606e-06
7.764131000000000558e-06
8.018245000000000342e-06
6.962856999999999732e-06
4.879008999999999825e-06
2.852379000000000054e-06
1.572958999999999944e-06
9.319089999999999573e-07
5.736414999999999820e-07
9.944376000000000214e-06
1.132153000000000034e-05
1.147915000000000003e-05
9.669831999999999340e-06
6.554314000000000043e-06
3.760128999999999960e-06
2.091505000000000146e-06
1.265235000000000093e-06
7.779386000000000466e-07
1.103633000000000009e-05
1.255354000000000043e-05
1.268867999999999961e-05
1.062001999999999967e-05
7.141026999999999587e-06
4.076395000000000127e-06
2.271558000000000097e-06
1.381334000000000106e-06
8.496119999999999980e-07
1.824780999999999902e-05
2.026081999999999891e-05
1.959516999999999962e-05
1.552855999999999960e-05
9.999257000000000002e-06
5.652895999999999587e-06
3.241169000000000189e-06
2.019044000000000010e-06
1.214259000000000100e-06
2.205264999999999968e-05
2.430128999999999989e-05
2.317323999999999973e-05
1.803848999999999947e-05
1.145196999999999939e-05
6.459187000000000199e-06
3.742420000000000076e-06
2.348854999999999892e-06
1.400581000000000093e-06
2.947309000000000007e-05
3.181979000000000253e-05
2.940594999999999922e-05
2.216669999999999903e-05
1.380468000000000045e-05
7.818672999999999671e-06
4.628099999999999785e-06
2.926740000000000120e-06
1.706744000000000053e-06
