6.998817999999999878e-06
5.385496999999999642e-06
3.725848000000000025e-06
2.253668999999999903e-06
1.201600000000000066e-06
6.156921000000000237e-07
3.334453000000000086e-07
1.796914000000000125e-07
8.117568000000000231e-08
1.032120999999999939e-05
7.916156000000000174e-06
5.415045999999999823e-06
3.204122999999999951e-06
1.675728000000000035e-06
8.653031000000000213e-07
4.787492999999999709e-07
2.581773999999999915e-07
1.130132999999999973e-07
1.096616999999999973e-05
8.446036000000000258e-06
5.796579999999999989e-06
3.427708999999999846e-06
1.784624000000000059e-06
9.198042999999999985e-07
5.111691999999999474e-07
2.773733000000000079e-07
1.217383000000000043e-07
1.189301000000000016e-05
9.137436000000000110e-06
6.263611999999999958e-06
3.699303000000000180e-06
1.922637999999999802e-06
9.905144999999999589e-07
5.503455000000000360e-07
2.981779999999999851e-07
1.305021000000000049e-07
1.239182000000000022e-05
9.477640999999999337e-06
6.483962000000000314e-06
3.829974000000000305e-06
1.992378999999999818e-06
1.025797999999999932e-06
5.676222000000000361e-07
3.060820999999999930e-07
1.335303000000000082e-07
3.118758999999999865e-05
2.226913999999999936e-05
1.397860999999999931e-05
7.728400999999999801e-06
4.053171999999999655e-06
2.215809000000000065e-06
1.225706999999999952e-06
5.950010000000000483e-07
2.160720999999999963e-07
3.970447999999999767e-05
2.804426999999999975e-05
1.735449000000000060e-05
9.491879000000000605e-06
4.993088999999999587e-06
2.757715999999999890e-06
1.522825999999999928e-06
7.243461999999999776e-07
2.529140000000000107e-07
4.696502000000000321e-05
3.305234999999999873e-05
2.030774000000000151e-05
1.102340999999999921e-05
5.798273000000000347e-06
3.223657999999999841e-06
1.784565999999999941e-06
8.420633000000000173e-07
2.875372999999999922e-07
4.940030000000000202e-05
3.473593999999999662e-05
2.130515000000000048e-05
1.154236000000000040e-05
6.070701000000000409e-06
3.380518000000000149e-06
1.872448999999999934e-06
8.817778000000000120e-07
2.993012999999999909e-07
6.689841999999999772e-05
4.518765999999999826e-05
2.686316000000000116e-05
1.456190999999999929e-05
7.873260999999999631e-06
4.415014000000000044e-06
2.346759000000000057e-06
1.023655000000000070e-06
3.184637999999999747e-07
9.189884999999999851e-05
6.093626999999999925e-05
3.560512999999999769e-05
1.923262000000000086e-05
1.052670000000000037e-05
5.939773999999999994e-06
3.103856000000000103e-06
1.298595000000000016e-06
3.793448000000000022e-07
1.006505999999999948e-04
6.645166999999999730e-05
3.865679999999999892e-05
2.085775999999999933e-05
1.145092000000000047e-05
6.473062000000000130e-06
3.369820999999999851e-06
1.395349000000000089e-06
4.007802000000000037e-07
1.464584000000000003e-04
9.400828000000000450e-05
5.376649000000000028e-05
2.925122000000000011e-05
1.638005999999999984e-05
9.225299000000000186e-06
4.615344000000000038e-06
1.781607000000000000e-06
4.676121999999999764e-07
1.699569000000000058e-04
1.080644999999999951e-04
6.147911000000000640e-05
3.356613999999999979e-05
1.892233999999999949e-05
1.063636999999999994e-05
5.244953000000000366e-06
1.972586000000000006e-06
4.995521999999999831e-07
2.093168000000000014e-04
1.311357999999999990e-04
7.431054999999999616e-05
4.099014000000000189e-05
2.332796000000000153e-05
1.299394999999999949e-05
6.220223999999999994e-06
2.235327999999999937e-06
5.330104999999999936e-07
4.102845000000000102e-07
4.905341000000000355e-07
5.628981000000000342e-07
5.928729999999999647e-07
5.383921999999999789e-07
3.969305000000000086e-07
2.357852000000000009e-07
1.246746999999999934e-07
6.959452000000000133e-08
5.997656000000000035e-07
7.216803000000000172e-07
8.385461000000000419e-07
8.944154000000000272e-07
8.084462999999999883e-07
5.777501999999999796e-07
3.311921999999999764e-07
1.735275000000000032e-07
9.926660000000000295e-08
6.221866000000000426e-07
7.501235999999999792e-07
8.772333000000000337e-07
9.467013000000000308e-07
8.650349000000000507e-07
6.197048999999999576e-07
3.535864999999999879e-07
1.841593999999999967e-07
1.054203000000000033e-07
6.942645999999999817e-07
8.304538000000000482e-07
9.601229999999999213e-07
1.028212000000000075e-06
9.374411000000000284e-07
6.702082000000000522e-07
3.815268999999999804e-07
1.986018000000000096e-07
1.136716999999999974e-07
7.618096000000000482e-07
8.978693000000000340e-07
1.017710000000000078e-06
1.073438999999999981e-06
9.720737000000000761e-07
6.939004999999999474e-07
3.956704000000000170e-07
2.064412999999999919e-07
1.178408000000000053e-07
2.455783999999999830e-06
2.892278999999999875e-06
3.163651000000000011e-06
3.010965999999999964e-06
2.332475000000000059e-06
1.451941000000000097e-06
7.915156000000000099e-07
4.425450000000000231e-07
2.713508999999999870e-07
3.236857000000000170e-06
3.808859999999999816e-06
4.144545999999999875e-06
3.889149999999999855e-06
2.943478999999999910e-06
1.792783999999999995e-06
9.715348999999998993e-07
5.505619999999999771e-07
3.411055999999999889e-07
3.836287999999999683e-06
4.529673000000000329e-06
4.947100999999999850e-06
4.637502999999999939e-06
3.477482999999999905e-06
2.091246999999999800e-06
1.125984000000000085e-06
6.417774999999999511e-07
4.010601000000000114e-07
4.041950000000000324e-06
4.773001000000000111e-06
5.215238999999999654e-06
4.887645000000000195e-06
3.657068999999999883e-06
2.192273999999999875e-06
1.178415000000000008e-06
6.725911999999999750e-07
4.211736999999999804e-07
6.588960999999999916e-06
7.560420000000000198e-06
7.785617000000000305e-06
6.729120999999999604e-06
4.694772999999999816e-06
2.740524999999999905e-06
1.514972999999999996e-06
9.018421000000000284e-07
5.571587999999999823e-07
9.679638000000000242e-06
1.101972000000000026e-05
1.113720999999999971e-05
9.336105000000000629e-06
6.302575000000000385e-06
3.612740999999999805e-06
2.015856999999999917e-06
1.225373000000000050e-06
7.559138000000000173e-07
1.074240999999999970e-05
1.221817999999999963e-05
1.230890000000000001e-05
1.025134000000000069e-05
6.865594000000000220e-06
3.916602000000000385e-06
2.189764999999999862e-06
1.338074000000000074e-06
8.256369000000000046e-07
1.774991000000000164e-05
1.969440999999999971e-05
1.897608999999999876e-05
1.496709999999999939e-05
9.607489000000000672e-06
5.434161999999999794e-06
3.128586000000000034e-06
1.957874000000000052e-06
1.180514999999999954e-06
2.144648000000000070e-05
2.361269000000000109e-05
2.242890000000000137e-05
1.737781999999999958e-05
1.100105999999999933e-05
6.210519000000000397e-06
3.614055999999999894e-06
2.278469000000000072e-06
1.361850999999999957e-06
2.864552000000000014e-05
3.088795000000000299e-05
2.843022999999999969e-05
2.133839000000000154e-05
1.325920000000000004e-05
7.521848000000000188e-06
4.473064999999999668e-06
2.840500000000000163e-06
1.659850999999999899e-06
