3.969847e-05 1.101484e-05  
3.274733e-05 1.081443e-05  
2.677133e-05 1.040632e-05  
2.176702e-05 9.796024e-06  
1.767037e-05 9.007937e-06  
1.437434e-05 8.087822e-06  
1.174828e-05 7.095839e-06  
9.654237e-06 6.093258e-06  
7.966847e-06 5.136605e-06  
6.581724e-06 4.268688e-06  
5.419357e-06 3.515065e-06  
4.424888e-06 2.884975e-06  
3.563866e-06 2.373872e-06  
2.816572e-06 1.967569e-06  
2.173346e-06 1.647327e-06  
1.629600e-06 1.393267e-06  
1.181510e-06 1.186837e-06  
8.244063e-07 1.013264e-06  
5.514392e-07 8.618377e-07  
3.526767e-07 7.253361e-07  
