1.511409e-05 3.088886e-06  
1.272241e-05 3.118102e-06  
1.056378e-05 3.099922e-06  
8.667790e-06 3.027841e-06  
7.047481e-06 2.898396e-06  
5.698768e-06 2.713772e-06  
4.601942e-06 2.482321e-06  
3.724909e-06 2.217053e-06  
3.029781e-06 1.934714e-06  
2.478125e-06 1.652673e-06  
2.035187e-06 1.386137e-06  
1.672657e-06 1.146382e-06  
1.369384e-06 9.398544e-07  
1.110810e-06 7.682717e-07  
8.879962e-07 6.298125e-07  
6.960029e-07 5.202074e-07  
5.320456e-07 4.338355e-07  
3.945474e-07 3.652149e-07  
2.823937e-07 3.094851e-07  
1.939620e-07 2.626531e-07  
