5.929532e-05 1.856370e-05  
4.865380e-05 1.796965e-05  
3.968144e-05 1.701866e-05  
3.229412e-05 1.574891e-05  
2.632125e-05 1.422945e-05  
2.154461e-05 1.255818e-05  
1.773231e-05 1.084479e-05  
1.466179e-05 9.187480e-06  
1.214565e-05 7.666088e-06  
1.003850e-05 6.331940e-06  
8.236485e-06 5.206745e-06  
6.673539e-06 4.288027e-06  
5.311971e-06 3.555378e-06  
4.132544e-06 2.977545e-06  
3.126853e-06 2.520334e-06  
2.290226e-06 2.151452e-06  
1.616097e-06 1.843228e-06  
1.094136e-06 1.575281e-06  
7.094285e-07 1.334349e-06  
4.391498e-07 1.111182e-06  
