2.907903e-05 7.450838e-06  
2.413840e-05 7.353436e-06  
1.982788e-05 7.126292e-06  
1.616397e-05 6.768666e-06  
1.312335e-05 6.290075e-06  
1.065053e-05 5.713609e-06  
8.668032e-06 5.073406e-06  
7.086674e-06 4.407474e-06  
5.819920e-06 3.754247e-06  
4.791641e-06 3.145958e-06  
3.940671e-06 2.604881e-06  
3.222388e-06 2.142553e-06  
2.606915e-06 1.760575e-06  
2.075801e-06 1.452671e-06  
1.618964e-06 1.208111e-06  
1.230944e-06 1.014089e-06  
9.080314e-07 8.579655e-07  
6.468861e-07 7.290217e-07  
4.427843e-07 6.187963e-07  
2.895918e-07 5.216413e-07  
