6.012645999999999827e-06
4.342851999999999904e-06
2.764826999999999880e-06
1.534265999999999982e-06
7.848996999999999646e-07
4.144932000000000154e-07
2.273000999999999960e-07
1.115703999999999943e-07
5.045931000000000160e-08
8.854685000000000756e-06
6.346805999999999691e-06
3.967047999999999935e-06
2.150433999999999865e-06
1.096161999999999992e-06
5.910641999999999889e-07
3.276414999999999762e-07
1.577343999999999966e-07
6.828257000000000526e-08
9.432174999999999186e-06
6.787520000000000364e-06
4.247464999999999660e-06
2.294278999999999841e-06
1.165144000000000021e-06
6.297257999999999729e-07
3.512721999999999815e-07
1.698639999999999916e-07
7.339238999999999827e-08
1.021227000000000006e-05
7.336951000000000356e-06
4.586657999999999751e-06
2.473164999999999978e-06
1.254692000000000023e-06
6.781341000000000478e-07
3.778778000000000063e-07
1.823420999999999980e-07
7.834459999999999600e-08
1.060795999999999965e-05
7.598401000000000199e-06
4.747629999999999639e-06
2.562028999999999946e-06
1.300192000000000053e-06
7.006857000000000285e-07
3.884925000000000226e-07
1.868061999999999962e-07
7.997615000000000242e-08
2.565657999999999958e-05
1.692960999999999866e-05
9.759704999999999420e-06
5.143686999999999835e-06
2.749604000000000009e-06
1.532030000000000094e-06
7.930919999999999657e-07
3.251148000000000255e-07
1.164555999999999989e-07
3.246023000000000007e-05
2.113466000000000002e-05
1.202092000000000010e-05
6.318247000000000156e-06
3.410873999999999947e-06
1.908670000000000057e-06
9.747225000000000515e-07
3.868676999999999908e-07
1.329958999999999899e-07
3.832460000000000234e-05
2.480706999999999964e-05
1.399376000000000034e-05
7.328677000000000238e-06
3.977100999999999820e-06
2.236976000000000112e-06
1.138029999999999927e-06
4.442495000000000103e-07
1.489532000000000080e-07
4.029356000000000051e-05
2.604508999999999834e-05
1.466175000000000070e-05
7.670929000000000701e-06
4.168052000000000324e-06
2.347255000000000196e-06
1.192978000000000083e-06
4.637237000000000008e-07
1.544267999999999995e-07
5.322836999999999805e-05
3.314288000000000276e-05
1.840893999999999861e-05
9.841815999999999962e-06
5.458538000000000117e-06
3.002003000000000097e-06
1.427937999999999905e-06
5.084140000000000420e-07
1.573107999999999874e-07
7.231083999999999494e-05
4.417648999999999892e-05
2.428994999999999942e-05
1.308884000000000020e-05
7.343452999999999840e-06
4.007052999999999902e-06
1.844239000000000081e-06
6.202754000000000354e-07
1.798558000000000083e-07
7.899555999999999690e-05
4.803408000000000005e-05
2.633782999999999920e-05
1.421883000000000054e-05
8.001572999999999225e-06
4.359635999999999877e-06
1.990703000000000141e-06
6.594555000000000383e-07
1.878909999999999981e-07
1.129168000000000028e-04
6.707113000000000441e-05
3.671390000000000097e-05
2.021071000000000017e-05
1.146743000000000008e-05
6.082134000000000271e-06
2.615367000000000128e-06
7.968716999999999873e-07
2.022590000000000114e-07
1.302495999999999938e-04
7.677581999999999907e-05
4.203288000000000065e-05
2.330059999999999846e-05
1.325013000000000082e-05
6.958164999999999812e-06
2.927019999999999802e-06
8.638193000000000170e-07
2.082049000000000117e-07
1.588344000000000051e-04
9.276974000000000331e-05
5.107676000000000257e-05
2.866827999999999990e-05
1.628328999999999974e-05
8.359569999999999992e-06
3.377000999999999840e-06
9.474303999999999761e-07
2.066507000000000122e-07
4.605071999999999931e-07
5.384662999999999491e-07
5.895007999999999684e-07
5.701509999999999813e-07
4.560345999999999985e-07
2.913900000000000172e-07
1.574955000000000089e-07
8.466005000000000111e-08
5.535120999999999791e-08
6.753456999999999882e-07
7.979054000000000186e-07
8.859541000000000122e-07
8.603779999999999768e-07
6.729485999999999515e-07
4.139968000000000136e-07
2.189545999999999958e-07
1.194412999999999937e-07
7.998619999999999661e-08
7.011873000000000467e-07
8.321387000000000344e-07
9.332665999999999933e-07
9.175878000000000130e-07
7.219221000000000426e-07
4.429788999999999936e-07
2.327921999999999952e-07
1.266737000000000102e-07
8.517293999999999849e-08
7.791003999999999505e-07
9.146998000000000205e-07
1.015696999999999993e-06
9.949397999999999502e-07
7.814591999999999676e-07
4.783143999999999728e-07
2.510470999999999769e-07
1.366326000000000081e-07
9.177884000000000605e-08
8.479081000000000168e-07
9.768026000000000199e-07
1.065332000000000027e-06
1.033445999999999922e-06
8.091942000000000502e-07
4.956048999999999515e-07
2.608059000000000206e-07
1.418878999999999877e-07
9.491437000000000422e-08
2.737440999999999902e-06
3.097345000000000158e-06
3.132095999999999937e-06
2.633508999999999895e-06
1.767764999999999921e-06
9.938036999999999934e-07
5.401146999999999865e-07
3.218838999999999803e-07
2.173787000000000008e-07
3.607087999999999828e-06
4.068900000000000125e-06
4.072217999999999811e-06
3.354153000000000190e-06
2.197873999999999872e-06
1.219353999999999922e-06
6.678262999999999904e-07
4.039601000000000175e-07
2.728708000000000243e-07
4.283277999999999955e-06
4.851148999999999892e-06
4.862114000000000388e-06
3.979665000000000292e-06
2.575353000000000125e-06
1.414675999999999955e-06
7.759156000000000026e-07
4.738028000000000133e-07
3.213237999999999884e-07
4.512978999999999876e-06
5.113150000000000334e-06
5.125837999999999898e-06
4.189528999999999610e-06
2.702814000000000157e-06
1.480943000000000002e-06
8.125366999999999890e-07
4.972536000000000184e-07
3.376272999999999861e-07
7.250198000000000002e-06
7.833642000000000578e-06
7.279687000000000221e-06
5.499436000000000382e-06
3.390313000000000112e-06
1.874417000000000048e-06
1.076848000000000062e-06
6.663907999999999641e-07
4.336773000000000025e-07
1.060984000000000073e-05
1.130228000000000049e-05
1.022659999999999963e-05
7.468015999999999922e-06
4.486674000000000303e-06
2.478006999999999804e-06
1.453743000000000076e-06
9.078887999999999472e-07
5.810639999999999944e-07
1.176994000000000000e-05
1.251107000000000082e-05
1.126039999999999980e-05
8.158377999999999496e-06
4.869376999999999915e-06
2.687714000000000081e-06
1.584802999999999927e-06
9.923014999999999471e-07
6.327346999999999781e-07
1.919543000000000131e-05
1.965438000000000138e-05
1.677610000000000020e-05
1.156426999999999999e-05
6.743667000000000057e-06
3.789062999999999894e-06
2.308888999999999943e-06
1.439923999999999997e-06
8.824460999999999519e-07
2.309926000000000150e-05
2.337238999999999934e-05
1.960824999999999984e-05
1.329679999999999948e-05
7.698984999999999268e-06
4.356708000000000369e-06
2.683995999999999942e-06
1.670100999999999928e-06
1.009178000000000039e-06
3.050182000000000132e-05
3.000253999999999888e-05
2.434416000000000038e-05
1.609990999999999880e-05
9.280310999999999991e-06
5.348859000000000079e-06
3.348448999999999863e-06
2.058835999999999815e-06
1.212304999999999949e-06
