9.995510999999999513e-06
6.911222000000000184e-06
4.192650999999999815e-06
2.261961000000000094e-06
1.178175999999999975e-06
6.406401999999999823e-07
3.435112999999999877e-07
1.558079999999999880e-07
5.033911999999999687e-08
1.611134999999999949e-05
1.083095000000000004e-05
6.385951999999999875e-06
3.405151000000000155e-06
1.800144000000000082e-06
9.911190999999999616e-07
5.198933000000000381e-07
2.228058999999999980e-07
6.621801000000000096e-08
1.996671000000000047e-05
1.319763999999999990e-05
7.682752000000000740e-06
4.095546000000000005e-06
2.186098000000000071e-06
1.203747000000000039e-06
6.190702000000000346e-07
2.563629999999999776e-07
7.295150999999999968e-08
2.390687000000000104e-05
1.559784999999999839e-05
9.001817000000000621e-06
4.804496000000000222e-06
2.582952999999999849e-06
1.419224999999999952e-06
7.172175000000000495e-07
2.887878999999999862e-07
7.921793999999999579e-08
2.555868999999999906e-05
1.659134000000000097e-05
9.552205999999999528e-06
5.106264000000000413e-06
2.751671999999999919e-06
1.507844999999999960e-06
7.554067999999999983e-07
3.007155999999999826e-07
8.130519000000000014e-08
2.935828999999999907e-05
1.907512999999999841e-05
1.088844000000000006e-05
5.761022999999999983e-06
3.111954000000000021e-06
1.729228000000000031e-06
8.762158000000000049e-07
3.472694999999999982e-07
9.188208000000000083e-08
3.919165999999999671e-05
2.494032000000000044e-05
1.403454000000000031e-05
7.453074000000000396e-06
4.079751999999999831e-06
2.259438000000000118e-06
1.111956999999999982e-06
4.191013999999999838e-07
1.036167999999999965e-07
4.902710999999999755e-05
3.077995999999999727e-05
1.717504000000000014e-05
9.153206000000000468e-06
5.052294000000000149e-06
2.787191000000000146e-06
1.342907000000000075e-06
4.882770999999999909e-07
1.145196000000000006e-07
5.297698999999999708e-05
3.310830999999999675e-05
1.843329999999999849e-05
9.842003999999999222e-06
5.445512000000000117e-06
2.996743999999999984e-06
1.432046000000000011e-06
5.140241999999999819e-07
1.182583000000000022e-07
5.801789999999999893e-05
3.585301999999999847e-05
1.986850999999999860e-05
1.067464999999999952e-05
5.945370999999999696e-06
3.251551000000000050e-06
1.522709999999999902e-06
5.302014999999999583e-07
1.172583999999999987e-07
7.872696000000000425e-05
4.775148999999999773e-05
2.627481999999999927e-05
1.426145000000000048e-05
8.019541000000000541e-06
4.331448999999999600e-06
1.953723999999999846e-06
6.414350999999999651e-07
1.287677000000000023e-07
8.795016999999999484e-05
5.300717000000000091e-05
2.913101000000000012e-05
1.588491999999999902e-05
8.954862000000000661e-06
4.805438999999999783e-06
2.134247999999999882e-06
6.850850000000000230e-07
1.320667000000000109e-07
1.156093000000000046e-04
6.859859999999999743e-05
3.762047000000000134e-05
2.076572000000000148e-05
1.177658000000000033e-05
6.216753000000000108e-06
2.653730000000000086e-06
8.027915000000000454e-07
1.373509999999999969e-07
1.346975999999999892e-04
7.930711999999999972e-05
4.356119999999999892e-05
2.423976999999999916e-05
1.376262000000000072e-05
7.170752000000000391e-06
2.982135999999999937e-06
8.705919000000000256e-07
1.370570999999999998e-07
1.626742999999999885e-04
9.500079000000000628e-05
5.244742999999999736e-05
2.950909000000000108e-05
1.673378000000000091e-05
8.540589000000000774e-06
3.421903000000000092e-06
9.521377000000000225e-07
1.316543999999999907e-07
9.089717000000000448e-07
1.045108999999999992e-06
1.098547999999999998e-06
9.905562000000000300e-07
7.258629000000000007e-07
4.341148000000000089e-07
2.339148000000000029e-07
1.321338999999999918e-07
8.024311999999999783e-08
1.629719999999999958e-06
1.849887999999999948e-06
1.890092999999999930e-06
1.628387000000000008e-06
1.133331000000000025e-06
6.554838000000000107e-07
3.554976000000000029e-07
2.069677999999999933e-07
1.256911999999999946e-07
2.181526000000000075e-06
2.440413000000000109e-06
2.430892000000000086e-06
2.029197000000000115e-06
1.375043000000000092e-06
7.871553999999999521e-07
4.317072999999999921e-07
2.547228999999999787e-07
1.530596000000000003e-07
2.782927000000000181e-06
3.070155999999999900e-06
2.991808999999999920e-06
2.436807999999999912e-06
1.619505000000000048e-06
9.219366999999999495e-07
5.107974999999999786e-07
3.039869999999999810e-07
1.806793999999999946e-07
3.071816999999999799e-06
3.357130999999999808e-06
3.233897000000000202e-06
2.605807999999999904e-06
1.720224999999999907e-06
9.790467000000000685e-07
5.451841999999999513e-07
3.250380999999999941e-07
1.919591999999999895e-07
3.354657000000000126e-06
3.748402000000000030e-06
3.700750999999999917e-06
3.019157999999999936e-06
1.980156999999999988e-06
1.108184000000000019e-06
6.113666999999999948e-07
3.685017000000000234e-07
2.216567000000000078e-07
4.882022999999999590e-06
5.367851000000000015e-06
5.146842999999999708e-06
4.044307000000000376e-06
2.570917000000000071e-06
1.427290000000000018e-06
8.022977000000000519e-07
4.906728999999999706e-07
2.898110000000000002e-07
6.467947999999999996e-06
7.028074999999999622e-06
6.605566999999999635e-06
5.065787000000000123e-06
3.158235000000000010e-06
1.747251999999999928e-06
9.953757999999999152e-07
6.136427999999999738e-07
3.574149000000000091e-07
7.148069999999999817e-06
7.723187000000000295e-06
7.199649999999999754e-06
5.473356999999999848e-06
3.391934999999999992e-06
1.876656000000000019e-06
1.074420999999999983e-06
6.634619999999999888e-07
3.841679999999999762e-07
8.211565000000000381e-06
8.788582999999999335e-06
8.046146999999999317e-06
5.985205000000000237e-06
3.656389999999999987e-06
2.026766000000000137e-06
1.176249999999999961e-06
7.293577000000000354e-07
4.156235000000000027e-07
1.213765000000000059e-05
1.272991000000000057e-05
1.128565999999999996e-05
8.102035000000000432e-06
4.836965999999999930e-06
2.691890000000000158e-06
1.597720000000000095e-06
9.952917999999999259e-07
5.516352000000000399e-07
1.403220999999999994e-05
1.457701999999999922e-05
1.275195999999999979e-05
9.036032000000000428e-06
5.357268000000000323e-06
2.992323000000000132e-06
1.791189000000000013e-06
1.115370999999999989e-06
6.109483999999999678e-07
1.996396999999999853e-05
2.031245999999999966e-05
1.721921000000000009e-05
1.182005999999999945e-05
6.894241999999999882e-06
3.890603000000000365e-06
2.378581999999999904e-06
1.479241000000000031e-06
7.863891999999999992e-07
2.448569000000000103e-05
2.451162999999999964e-05
2.034592999999999986e-05
1.371581999999999974e-05
7.950866000000000728e-06
4.531198000000000285e-06
2.803159999999999857e-06
1.734646000000000087e-06
9.042680999999999735e-07
3.173038000000000231e-05
3.098065999999999689e-05
2.496855000000000000e-05
1.645937000000000162e-05
9.503870999999999592e-06
5.506832000000000404e-06
3.455250999999999895e-06
2.114855000000000100e-06
1.072888000000000018e-06
