9.365991000000000160e-06
6.474259999999999741e-06
3.930607000000000092e-06
2.126241999999999962e-06
1.112382000000000067e-06
6.084874000000000095e-07
3.293906000000000193e-07
1.516676000000000101e-07
5.011467000000000309e-08
1.509931999999999929e-05
1.015040999999999926e-05
5.992155999999999622e-06
3.205330999999999839e-06
1.702563000000000050e-06
9.436666999999999727e-07
5.003787999999999728e-07
2.180167000000000096e-07
6.639702000000000198e-08
1.871862999999999937e-05
1.237449999999999985e-05
7.214445999999999908e-06
3.859221000000000197e-06
2.070315000000000099e-06
1.148193999999999912e-06
5.972496999999999485e-07
2.515635999999999935e-07
7.341087999999999620e-08
2.241989999999999858e-05
1.463198000000000013e-05
8.459029000000000830e-06
4.531513999999999691e-06
2.449033999999999853e-06
1.355857999999999911e-06
6.933045000000000127e-07
2.840357000000000133e-07
7.995204999999999627e-08
2.397431999999999986e-05
1.556820000000000114e-05
8.979838999999999999e-06
4.818534999999999598e-06
2.610632000000000080e-06
1.441607000000000079e-06
7.308389999999999707e-07
2.960325000000000007e-07
8.214375000000000391e-08
2.752272000000000133e-05
1.788838000000000168e-05
1.023025999999999986e-05
5.433252999999999901e-06
2.949913000000000059e-06
1.651717000000000046e-06
8.474470999999999970e-07
3.421983000000000077e-07
9.309364000000000403e-08
3.675709000000000013e-05
2.340490000000000016e-05
1.320031000000000034e-05
7.038609000000000291e-06
3.873846000000000078e-06
2.163300999999999924e-06
1.078964000000000026e-06
4.147174999999999812e-07
1.056242000000000042e-07
4.599790000000000221e-05
2.890058000000000104e-05
1.616706000000000035e-05
8.652885999999999811e-06
4.803213999999999986e-06
2.673103000000000163e-06
1.306077000000000082e-06
4.846566000000000016e-07
1.172962999999999966e-07
4.971197999999999969e-05
3.109409999999999762e-05
1.735713999999999963e-05
9.307782999999999378e-06
5.179653999999999723e-06
2.875982000000000004e-06
1.393930000000000095e-06
5.107615999999999829e-07
1.213325999999999969e-07
5.445989000000000282e-05
3.368900000000000220e-05
1.872170000000000068e-05
1.010342000000000024e-05
5.661021999999999855e-06
3.125184999999999962e-06
1.485152999999999958e-06
5.281039999999999755e-07
1.207214000000000079e-07
7.395610000000000161e-05
4.491815999999999685e-05
2.479395000000000001e-05
1.352104999999999991e-05
7.652043999999999272e-06
4.175016000000000279e-06
1.912798999999999895e-06
6.420912000000000130e-07
1.337286999999999896e-07
8.264908999999999375e-05
4.988516999999999930e-05
2.750587999999999896e-05
1.507120000000000065e-05
8.552212999999999767e-06
4.637309000000000090e-06
2.092646999999999905e-06
6.870945000000000120e-07
1.376291000000000131e-07
1.087423000000000041e-04
6.463858000000000006e-05
3.557641000000000113e-05
1.973642999999999833e-05
1.127179999999999938e-05
6.016940000000000196e-06
2.612168999999999943e-06
8.093190999999999615e-07
1.446522000000000014e-07
1.267828000000000086e-04
7.479433999999999920e-05
4.123804000000000337e-05
2.306695000000000113e-05
1.319290000000000035e-05
6.953914000000000418e-06
2.942586999999999852e-06
8.804219000000000018e-07
1.453400999999999953e-07
1.532853999999999944e-04
8.971850000000000506e-05
4.973143999999999899e-05
2.813399000000000132e-05
1.607809000000000042e-05
8.305935000000000293e-06
3.388007999999999801e-06
9.670152000000000974e-07
1.410805000000000039e-07
8.547974999999999884e-07
9.818196999999999571e-07
1.030155999999999950e-06
9.270074999999999713e-07
6.786551000000000298e-07
4.061529000000000052e-07
2.190616000000000112e-07
1.239539000000000072e-07
7.582555000000000230e-08
1.532574000000000075e-06
1.737290000000000014e-06
1.771722999999999910e-06
1.523698000000000069e-06
1.060010999999999896e-06
6.136342000000000116e-07
3.330889999999999990e-07
1.944419999999999884e-07
1.191673000000000006e-07
2.051064000000000002e-06
2.291658000000000125e-06
2.278591999999999867e-06
1.899104000000000063e-06
1.286600999999999915e-06
7.372371999999999572e-07
4.047547000000000238e-07
2.396755000000000209e-07
1.454539000000000078e-07
2.616846999999999901e-06
2.883122999999999975e-06
2.804656000000000071e-06
2.281093000000000083e-06
1.515896000000000063e-06
8.638614999999999960e-07
4.792329000000000217e-07
2.864326000000000128e-07
1.720369000000000018e-07
2.888929000000000153e-06
3.153246999999999966e-06
3.031850000000000034e-06
2.439659999999999864e-06
1.610569999999999896e-06
9.176235999999999636e-07
5.117399000000000096e-07
3.065060999999999973e-07
1.829427999999999883e-07
3.153780000000000067e-06
3.519103000000000195e-06
3.467706000000000016e-06
2.825016999999999891e-06
1.853177000000000104e-06
1.038273999999999997e-06
5.732801000000000010e-07
3.469591999999999878e-07
2.110787000000000040e-07
4.589671000000000123e-06
5.039077000000000171e-06
4.822753000000000410e-06
3.785419000000000103e-06
2.407487000000000096e-06
1.338041000000000010e-06
7.529631000000000093e-07
4.629371000000000035e-07
2.768269999999999946e-07
6.081009000000000345e-06
6.597892999999999986e-06
6.190146999999999638e-06
4.742799999999999721e-06
2.958808999999999982e-06
1.638760000000000044e-06
9.348371999999999796e-07
5.798253999999999611e-07
3.421233000000000020e-07
6.720646999999999895e-06
7.250553000000000273e-06
6.747320000000000308e-06
5.125093000000000297e-06
3.178332000000000167e-06
1.760481000000000026e-06
1.009433000000000090e-06
6.272965999999999607e-07
3.680156000000000095e-07
7.720589000000000154e-06
8.250511999999999519e-06
7.541222000000000081e-06
5.606054000000000417e-06
3.427519000000000107e-06
1.901959000000000097e-06
1.105794999999999930e-06
6.905719999999999715e-07
3.988715000000000125e-07
1.141399999999999948e-05
1.195278999999999945e-05
1.058136000000000062e-05
7.594078999999999904e-06
4.538102999999999671e-06
2.528281000000000112e-06
1.504209999999999994e-06
9.449147999999999506e-07
5.311700999999999502e-07
1.319685000000000054e-05
1.368888000000000064e-05
1.195857000000000060e-05
8.471938999999999322e-06
5.028012000000000303e-06
2.811576999999999898e-06
1.687559999999999899e-06
1.060139000000000041e-06
5.890618000000000265e-07
1.878158999999999918e-05
1.908184000000000025e-05
1.615715000000000166e-05
1.109165000000000078e-05
6.476605000000000309e-06
3.659147999999999885e-06
2.244775000000000035e-06
1.410010999999999933e-06
7.607301000000000020e-07
2.304109999999999866e-05
2.303358000000000114e-05
1.909957000000000050e-05
1.287821999999999950e-05
7.473882999999999877e-06
4.264882000000000377e-06
2.649004000000000074e-06
1.656731999999999989e-06
8.766224999999999870e-07
2.987384999999999859e-05
2.913022999999999977e-05
2.345742999999999879e-05
1.546887999999999885e-05
8.942909999999999391e-06
5.189681000000000160e-06
3.272219000000000087e-06
2.025750000000000044e-06
1.043231000000000033e-06
