7.133649e-01 1.243045e-05 2.261505e-06  
1.452096e+00 1.057349e-05 2.306283e-06  
2.955825e+00 8.865256e-06 2.321868e-06  
6.016753e+00 7.333978e-06 2.301091e-06  
1.224745e+01 5.999328e-06 2.239547e-06  
2.493039e+01 4.868150e-06 2.135442e-06  
5.074726e+01 3.934344e-06 1.990927e-06  
1.032990e+02 3.180305e-06 1.812597e-06  
2.102711e+02 2.580761e-06 1.611089e-06  
0.000000e+00 2.106915e-06 1.399226e-06  
9.823958e+252 1.730630e-06 1.189979e-06  
3.088676e+262 1.427286e-06 9.943724e-07  
5.234969e+180 1.177351e-06 8.202028e-07  
1.359976e+248 9.667179e-07 6.715104e-07  
3.088675e+262 7.858700e-07 5.489142e-07  
5.179438e-66 6.290905e-07 4.505596e-07  
9.325681e-66 4.932545e-07 3.729624e-07  
6.935658e-310 3.768382e-07 3.120312e-07  
0.000000e+00 2.790177e-07 2.636734e-07  
1.284571e-322 1.990565e-07 2.243155e-07  
2.260704e-317 1.359949e-07 1.911377e-07  
2.243026e-317 8.843657e-08 1.621474e-07  
6.952822e-310 5.422564e-08 1.359290e-07  
9.881313e-324 3.034836e-08 1.117491e-07  
6.952822e-310 1.414904e-08 8.994604e-08  
1.177852e-320 3.912065e-09 7.106054e-08  
