9.950690999999999830e-06
6.883507999999999622e-06
4.179673999999999685e-06
2.258385000000000062e-06
1.178421999999999989e-06
6.420403000000000267e-07
3.453762000000000192e-07
1.574936999999999910e-07
5.129012000000000320e-08
1.603422000000000113e-05
1.078543999999999952e-05
6.366087000000000193e-06
3.400170000000000092e-06
1.800759999999999933e-06
9.936527000000000604e-07
5.231873000000000145e-07
2.255558999999999928e-07
6.761990000000000055e-08
1.986871999999999974e-05
1.314171000000000059e-05
7.659365000000000823e-06
4.089989999999999952e-06
2.187202999999999869e-06
1.207255000000000099e-06
6.233894000000000195e-07
2.597510000000000076e-07
7.458083000000000332e-08
2.378768000000000126e-05
1.553186000000000006e-05
8.975111999999999324e-06
4.798540000000000139e-06
2.584695000000000077e-06
1.423843999999999975e-06
7.226191999999999516e-07
2.928177000000000188e-07
8.106613999999999775e-08
2.543173000000000121e-05
1.652139000000000006e-05
9.524333999999999264e-06
5.100361000000000311e-06
2.753831000000000011e-06
1.513036999999999918e-06
7.612902999999999861e-07
3.050039000000000039e-07
8.323165999999999794e-08
2.920676000000000020e-05
1.899052999999999925e-05
1.085447999999999945e-05
5.753363000000000297e-06
3.113531000000000141e-06
1.734509999999999932e-06
8.828126999999999494e-07
3.522743999999999903e-07
9.413461000000000359e-08
3.898301999999999730e-05
2.482845999999999843e-05
1.399180000000000044e-05
7.443972999999999684e-06
4.082542000000000188e-06
2.267412999999999817e-06
1.121305000000000100e-06
4.256753999999999737e-07
1.063629999999999976e-07
4.876306999999999864e-05
3.064217000000000075e-05
1.712419000000000045e-05
9.143044000000000751e-06
5.056559000000000353e-06
2.798037000000000109e-06
1.355079000000000007e-06
4.964160000000000427e-07
1.177365000000000035e-07
5.269286000000000222e-05
3.296185999999999750e-05
1.838016999999999855e-05
9.831841000000000113e-06
5.450747999999999807e-06
3.008969000000000108e-06
1.445414999999999950e-06
5.227815000000000150e-07
1.216500999999999995e-07
5.769559999999999695e-05
3.569036999999999758e-05
1.981013000000000069e-05
1.066302999999999979e-05
5.951107999999999875e-06
3.265515000000000108e-06
1.537617999999999972e-06
5.395900000000000295e-07
1.207458999999999960e-07
7.828416999999999624e-05
4.753731999999999771e-05
2.620125999999999993e-05
1.424806000000000060e-05
8.029591999999999947e-06
4.352794000000000324e-06
1.974954999999999965e-06
6.538038999999999508e-07
1.329767000000000104e-07
8.745735999999999777e-05
5.277255000000000010e-05
2.905199999999999899e-05
1.587168999999999847e-05
8.967676999999999284e-06
4.830625000000000019e-06
2.158415999999999970e-06
6.987409000000000044e-07
1.365526999999999890e-07
1.149521999999999935e-04
6.829702000000000158e-05
3.752158000000000202e-05
2.075028999999999950e-05
1.179661999999999955e-05
6.253224999999999748e-06
2.686656000000000099e-06
8.201092000000000126e-07
1.425234000000000069e-07
1.339295000000000058e-04
7.896349000000000315e-05
4.345238999999999683e-05
2.422613000000000042e-05
1.379018999999999985e-05
7.216514999999999634e-06
3.021340000000000028e-06
8.902851999999999655e-07
1.425795000000000096e-07
1.617579000000000120e-04
9.460312999999999763e-05
5.232565000000000274e-05
2.949980999999999903e-05
1.677499000000000047e-05
8.601475000000000516e-06
3.470445999999999840e-06
9.750396999999999982e-07
1.375197999999999924e-07
9.034087000000000102e-07
1.039075999999999900e-06
1.092375000000000066e-06
9.851193999999999638e-07
7.222859999999999867e-07
4.324473999999999764e-07
2.332279000000000102e-07
1.318412000000000067e-07
8.026558999999999393e-08
1.619220000000000016e-06
1.838478999999999902e-06
1.878641999999999995e-06
1.618888999999999985e-06
1.127570000000000031e-06
6.529003999999999983e-07
3.543653000000000133e-07
2.065122999999999930e-07
1.258169000000000021e-07
2.166724999999999995e-06
2.424630999999999842e-06
2.415545000000000180e-06
2.017107999999999933e-06
1.368000000000000074e-06
7.840101999999999750e-07
4.303073999999999850e-07
2.542151000000000222e-07
1.533010999999999962e-07
2.763687999999999991e-06
3.049645999999999990e-06
2.972485999999999953e-06
2.422091999999999849e-06
1.611194999999999996e-06
9.182283000000000114e-07
5.091366000000000196e-07
3.034562000000000250e-07
1.810529000000000079e-07
3.050420999999999995e-06
3.334904999999999964e-06
3.212944999999999949e-06
2.590051000000000115e-06
1.711415000000000029e-06
9.751285999999999746e-07
5.434323999999999607e-07
3.245251000000000212e-07
1.924019000000000124e-07
3.331623000000000001e-06
3.723414000000000177e-06
3.676377999999999887e-06
3.000319000000000199e-06
1.969702000000000018e-06
1.103616999999999949e-06
6.092420000000000234e-07
3.677270999999999868e-07
2.220930999999999944e-07
4.847057999999999833e-06
5.330335000000000356e-06
5.111494999999999754e-06
4.018439000000000372e-06
2.557205000000000193e-06
1.421245000000000019e-06
7.994117000000000088e-07
4.898011999999999642e-07
2.905935999999999929e-07
6.420601999999999619e-06
6.977794999999999995e-06
6.559344000000000399e-06
5.033083000000000309e-06
3.141379999999999983e-06
1.739778000000000082e-06
9.917682000000000279e-07
6.127109000000000208e-07
3.585722999999999927e-07
7.095544999999999842e-06
7.667727999999999374e-06
7.149197999999999614e-06
5.438166000000000205e-06
3.374008000000000019e-06
1.868657000000000081e-06
1.070583999999999947e-06
6.625650000000000040e-07
3.855035999999999872e-07
8.148790999999999346e-06
8.722708999999999972e-06
7.987596000000000290e-06
5.945674000000000225e-06
3.636533999999999918e-06
2.017731999999999793e-06
1.171874000000000081e-06
7.284768999999999472e-07
4.172081000000000048e-07
1.204158999999999934e-05
1.263123999999999970e-05
1.120145999999999998e-05
8.048172000000000369e-06
4.810630999999999953e-06
2.679602000000000200e-06
1.591827000000000057e-06
9.946191000000000128e-07
5.542042999999999541e-07
1.392012000000000048e-05
1.446324000000000012e-05
1.265670999999999931e-05
8.976053999999999492e-06
5.328204999999999582e-06
2.978644000000000106e-06
1.784748999999999910e-06
1.114933999999999996e-06
6.140184000000000079e-07
1.979924000000000121e-05
2.014878999999999856e-05
1.708765999999999963e-05
1.174086999999999928e-05
6.856317999999999972e-06
3.872192999999999977e-06
2.370125999999999845e-06
1.479460999999999962e-06
7.909707000000000459e-07
2.427937000000000129e-05
2.431029999999999999e-05
2.018830000000000117e-05
1.362318999999999958e-05
7.907059999999999813e-06
4.509682000000000134e-06
2.793737999999999814e-06
1.735726000000000041e-06
9.100652999999999932e-07
3.145788000000000111e-05
3.072296000000000103e-05
2.477480999999999938e-05
1.634889000000000128e-05
9.451248999999999268e-06
5.480763999999999962e-06
3.444774999999999981e-06
2.117633000000000126e-06
1.080646000000000080e-06
