9.890903999999999720e-06
6.855127000000000342e-06
4.173738000000000154e-06
2.262145999999999906e-06
1.183054999999999975e-06
6.449440999999999471e-07
3.466761000000000188e-07
1.578328999999999892e-07
5.130226000000000188e-08
1.594378000000000001e-05
1.074734999999999969e-05
6.361852999999999786e-06
3.407996999999999941e-06
1.808237000000000074e-06
9.979923999999999759e-07
5.249678999999999743e-07
2.259388000000000114e-07
6.761249999999999746e-08
1.976196999999999944e-05
1.310030000000000059e-05
7.657320000000000066e-06
4.100587999999999846e-06
2.196375000000000210e-06
1.212377000000000031e-06
6.253802999999999821e-07
2.601399999999999988e-07
7.456474999999999938e-08
2.366545999999999957e-05
1.548781999999999904e-05
8.975584999999999887e-06
4.811987000000000114e-06
2.595561999999999985e-06
1.429739000000000068e-06
7.248014999999999671e-07
2.932115000000000047e-07
8.104271999999999660e-08
2.530352000000000062e-05
1.647711999999999988e-05
9.526339000000000611e-06
5.114990000000000302e-06
2.765452999999999796e-06
1.519232000000000034e-06
7.635363999999999840e-07
3.053988000000000096e-07
8.320660999999999997e-08
2.905544999999999978e-05
1.893764999999999986e-05
1.085733999999999963e-05
5.770688000000000170e-06
3.126960000000000043e-06
1.741704999999999912e-06
8.854094000000000324e-07
3.526739000000000065e-07
9.408546999999999605e-08
3.879394999999999811e-05
2.477140000000000139e-05
1.400267999999999923e-05
7.468651000000000298e-06
4.100204000000000258e-06
2.276427000000000033e-06
1.124272000000000050e-06
4.260465999999999817e-07
1.062948999999999945e-07
4.853831000000000318e-05
3.058226999999999815e-05
1.714348000000000141e-05
9.175057000000000338e-06
5.078400999999999762e-06
2.808798000000000056e-06
1.358393000000000006e-06
4.967643999999999825e-07
1.176491000000000023e-07
5.245358000000000068e-05
3.290133999999999897e-05
1.840287000000000089e-05
9.866849000000000846e-06
5.474226000000000330e-06
3.020376000000000099e-06
1.448855000000000039e-06
5.231186999999999844e-07
1.215574000000000029e-07
5.744625000000000247e-05
3.563458999999999859e-05
1.983941999999999986e-05
1.070200999999999920e-05
5.976593999999999922e-06
3.277506999999999942e-06
1.541021999999999914e-06
5.398881000000000419e-07
1.206579000000000021e-07
7.797755000000000018e-05
4.748805000000000013e-05
2.625213000000000102e-05
1.430281999999999937e-05
8.063424000000000405e-06
4.367840000000000180e-06
1.978730000000000196e-06
6.540235999999999590e-07
1.328817000000000086e-07
8.712842999999999955e-05
5.272823999999999713e-05
2.911302999999999932e-05
1.593352000000000055e-05
9.005169999999999367e-06
4.846891999999999909e-06
2.162318000000000106e-06
6.989134000000000015e-07
1.364569999999999890e-07
1.145655999999999996e-04
6.827376000000000072e-05
3.761480999999999842e-05
2.083342000000000085e-05
1.184482000000000021e-05
6.272881000000000225e-06
2.690740999999999993e-06
8.201470000000000184e-07
1.424559999999999887e-07
1.335220999999999934e-04
7.896242999999999676e-05
4.356876999999999994e-05
2.432379999999999910e-05
1.384539000000000060e-05
7.238150999999999709e-06
3.025465999999999994e-06
8.902326999999999986e-07
1.425433000000000109e-07
1.613297999999999881e-04
9.464057000000000112e-05
5.247871999999999753e-05
2.961909999999999904e-05
1.683995999999999860e-05
8.625515000000000035e-06
3.474513000000000085e-06
9.748641999999999184e-07
1.375468999999999887e-07
8.935395000000000319e-07
1.027509999999999967e-06
1.080975000000000056e-06
9.766942999999999739e-07
7.182340999999999900e-07
4.315049999999999983e-07
2.334962999999999916e-07
1.323274000000000127e-07
8.061280999999999431e-08
1.601210000000000082e-06
1.817871000000000039e-06
1.859500999999999969e-06
1.606007999999999964e-06
1.122156000000000086e-06
6.520095000000000125e-07
3.550145000000000189e-07
2.073365000000000117e-07
1.263340999999999904e-07
2.142151000000000135e-06
2.397531000000000136e-06
2.391582999999999850e-06
2.001883000000000006e-06
1.362056999999999926e-06
7.832825000000000260e-07
4.312375000000000259e-07
2.552482999999999868e-07
1.539060999999999940e-07
2.731828999999999997e-06
3.015639999999999811e-06
2.943720999999999814e-06
2.404626000000000108e-06
1.604770999999999911e-06
9.177085000000000414e-07
5.103637999999999924e-07
3.046960000000000174e-07
1.817431000000000070e-07
3.015022999999999932e-06
3.297503000000000063e-06
3.182083000000000159e-06
2.571740000000000131e-06
1.704915999999999992e-06
9.747026000000000739e-07
5.448056999999999853e-07
3.258511999999999817e-07
1.931264000000000001e-07
3.293322999999999876e-06
3.681517000000000077e-06
3.640135999999999820e-06
2.978656999999999830e-06
1.962186999999999887e-06
1.103200000000000085e-06
6.108178000000000262e-07
3.692953999999999943e-07
2.229337999999999921e-07
4.790360999999999891e-06
5.270480000000000062e-06
5.062610999999999698e-06
3.991449999999999706e-06
2.548910999999999947e-06
1.421460000000000024e-06
8.017851000000000477e-07
4.919014000000000004e-07
2.916285999999999754e-07
6.344863999999999871e-06
6.899849999999999676e-06
6.498049000000000167e-06
5.001051000000000410e-06
3.132451000000000208e-06
1.740671999999999984e-06
9.949516999999999187e-07
6.153293000000000465e-07
3.597934000000000194e-07
7.012508000000000420e-06
7.582340999999999882e-06
7.082992000000000404e-06
5.404209999999999712e-06
3.364834999999999862e-06
1.869857999999999987e-06
1.074095000000000090e-06
6.653845000000000115e-07
3.867945999999999952e-07
8.051492999999999926e-06
8.625687999999999940e-06
7.915196000000000780e-06
5.910297000000000106e-06
3.627699000000000196e-06
2.019534999999999800e-06
1.175900000000000041e-06
7.315352000000000031e-07
4.185529999999999760e-07
1.189602999999999967e-05
1.249225000000000055e-05
1.110431000000000041e-05
8.004652999999999541e-06
4.801750999999999624e-06
2.683337000000000174e-06
1.597717000000000012e-06
9.986823999999999642e-07
5.558612999999999536e-07
1.375143000000000058e-05
1.430502999999999982e-05
1.254879000000000018e-05
8.929412000000000761e-06
5.319471000000000319e-06
2.983327999999999806e-06
1.791490000000000063e-06
1.119425999999999902e-06
6.158046999999999979e-07
1.955706000000000008e-05
1.993088999999999850e-05
1.694833000000000041e-05
1.168597999999999988e-05
6.848680999999999862e-06
3.879959999999999864e-06
2.379496000000000147e-06
1.485187000000000050e-06
7.930889000000000496e-07
2.398312999999999953e-05
2.405260000000000075e-05
2.003091999999999964e-05
1.356484999999999939e-05
7.900845999999999808e-06
4.519824000000000146e-06
2.804966999999999973e-06
1.742233999999999903e-06
9.123775999999999973e-07
3.107318999999999853e-05
3.040397000000000021e-05
2.459137000000000101e-05
1.628631000000000094e-05
9.448158999999999947e-06
5.494701999999999726e-06
3.458759999999999983e-06
2.125215000000000201e-06
1.083187999999999945e-06
