9.651665999999999758e-06
6.656785000000000166e-06
4.029702000000000200e-06
2.174374999999999828e-06
1.136531000000000054e-06
6.206392999999999795e-07
3.335935999999999942e-07
1.514556000000000079e-07
4.895435000000000187e-08
1.554226999999999985e-05
1.042247999999999919e-05
6.134815999999999710e-06
3.274735999999999897e-06
1.738076999999999927e-06
9.606183000000000621e-07
5.048965000000000371e-07
2.165585000000000131e-07
6.439083000000000273e-08
1.925093999999999834e-05
1.269462000000000010e-05
7.380375999999999859e-06
3.940378999999999632e-06
2.111798000000000207e-06
1.166962000000000017e-06
6.012281999999999732e-07
2.491719000000000105e-07
7.093938999999999609e-08
2.304002999999999835e-05
1.499923000000000072e-05
8.647856999999999693e-06
4.624271999999999998e-06
2.496109999999999976e-06
1.376094000000000093e-06
6.965824999999999710e-07
2.806898000000000231e-07
7.703736999999999574e-08
2.462871000000000090e-05
1.595387000000000113e-05
9.177642999999999300e-06
4.915758999999999939e-06
2.659663999999999986e-06
1.462142000000000044e-06
7.336964999999999683e-07
2.922902000000000162e-07
7.906932000000000091e-08
2.828796000000000148e-05
1.833527999999999905e-05
1.045556999999999991e-05
5.544233999999999881e-06
3.007753000000000000e-06
1.676720999999999917e-06
8.509142999999999686e-07
3.374791999999999850e-07
8.933768000000000618e-08
3.773654999999999702e-05
2.396082000000000076e-05
1.347723999999999973e-05
7.177001999999999695e-06
3.945332999999999585e-06
2.191258000000000205e-06
1.079842999999999937e-06
4.072654000000000094e-07
1.007562000000000033e-07
4.718713000000000302e-05
2.956303000000000010e-05
1.649477999999999863e-05
8.818096999999999608e-06
4.887652000000000176e-06
2.703456999999999907e-06
1.304160999999999921e-06
4.744997999999999831e-07
1.113645000000000044e-07
5.098333999999999966e-05
3.179813999999999910e-05
1.770502999999999945e-05
9.483731999999999546e-06
5.268956999999999738e-06
2.906935999999999793e-06
1.390785000000000102e-06
4.995363999999999493e-07
1.150055999999999959e-07
5.580639000000000086e-05
3.442319999999999934e-05
1.908475000000000053e-05
1.028883999999999990e-05
5.753289000000000372e-06
3.153957000000000083e-06
1.478676000000000105e-06
5.152178999999999829e-07
1.140412000000000061e-07
7.568170000000000420e-05
4.583547000000000315e-05
2.524745000000000168e-05
1.375555999999999981e-05
7.763928999999999641e-06
4.202027999999999674e-06
1.897264999999999910e-06
6.233120999999999821e-07
1.252660000000000048e-07
8.453452999999999716e-05
5.087888999999999764e-05
2.799804000000000138e-05
1.532614999999999894e-05
8.671143999999999391e-06
4.662286999999999667e-06
2.072661000000000060e-06
6.657547000000000448e-07
1.284971000000000078e-07
1.110574999999999984e-04
6.583417000000000533e-05
3.617234000000000204e-05
2.004698999999999896e-05
1.140689000000000015e-05
6.031863000000000257e-06
2.577124000000000095e-06
7.801384000000000158e-07
1.336929000000000126e-07
1.293661999999999948e-04
7.611641000000000262e-05
4.190094000000000002e-05
2.341108999999999950e-05
1.333369000000000007e-05
6.958259000000000289e-06
2.896201000000000140e-06
8.460838999999999759e-07
1.334539000000000063e-07
1.561996000000000012e-04
9.119784000000000571e-05
5.047942999999999858e-05
2.851626000000000063e-05
1.621696999999999866e-05
8.288583000000000734e-06
3.323582000000000174e-06
9.254286000000000524e-07
1.282662000000000028e-07
8.867611999999999930e-07
1.018363999999999920e-06
1.067229999999999902e-06
9.577316000000000208e-07
6.982805999999999827e-07
4.164276999999999987e-07
2.246072000000000050e-07
1.274100000000000007e-07
7.768930000000000468e-08
1.589082999999999910e-06
1.800849000000000061e-06
1.833490000000000042e-06
1.571692999999999938e-06
1.088832000000000098e-06
6.285548999999999872e-07
3.415681999999999894e-07
1.997375999999999899e-07
1.217397000000000005e-07
2.125802999999999914e-06
2.373627000000000136e-06
2.355562999999999981e-06
1.956692000000000035e-06
1.320354000000000098e-06
7.548598000000000398e-07
4.150085000000000200e-07
2.459439000000000031e-07
1.482787999999999897e-07
2.710726999999999839e-06
2.983934000000000017e-06
2.896673000000000040e-06
2.348070999999999850e-06
1.554553999999999906e-06
8.842265999999999724e-07
4.912499999999999553e-07
2.936212000000000167e-07
1.750641999999999961e-07
2.991284000000000040e-06
3.261861000000000041e-06
3.129828000000000013e-06
2.510350000000000029e-06
1.651175999999999935e-06
9.391256999999999852e-07
5.244521000000000088e-07
3.140113999999999871e-07
1.860087000000000052e-07
3.268801000000000181e-06
3.644714999999999798e-06
3.583472000000000154e-06
2.908071999999999810e-06
1.899607999999999999e-06
1.062404999999999910e-06
5.879272000000000052e-07
3.559569999999999891e-07
2.147691000000000011e-07
4.754165999999999639e-06
5.214197000000000113e-06
4.977393000000000000e-06
3.891027999999999603e-06
2.464920999999999841e-06
1.368577999999999935e-06
7.720496000000000128e-07
4.742194000000000145e-07
2.808580999999999783e-07
6.296128999999999905e-06
6.822704000000000026e-06
6.383059999999999666e-06
4.870457000000000081e-06
3.027117999999999856e-06
1.675687999999999990e-06
9.583069000000000405e-07
5.932630000000000363e-07
3.464233999999999996e-07
6.957004999999999979e-06
7.495578999999999915e-06
6.955336999999999676e-06
5.261295000000000420e-06
3.250950000000000189e-06
1.800072000000000000e-06
1.034643999999999957e-06
6.415286000000000050e-07
3.723840000000000078e-07
7.988067000000000374e-06
8.523158999999999485e-06
7.766189000000000192e-06
5.749233000000000220e-06
3.503421999999999963e-06
1.944296999999999877e-06
1.132997999999999939e-06
7.053192999999999675e-07
4.028579999999999933e-07
1.179935999999999980e-05
1.233288000000000041e-05
1.088005999999999998e-05
7.775784000000000564e-06
4.633535999999999914e-06
2.583589000000000041e-06
1.540059000000000013e-06
9.628922999999999407e-07
5.347746000000000273e-07
1.363684000000000071e-05
1.411683000000000050e-05
1.228886999999999979e-05
8.669741999999999230e-06
5.131947000000000181e-06
2.872679000000000097e-06
1.727085999999999984e-06
1.079272000000000057e-06
5.923275000000000476e-07
1.938801999999999941e-05
1.965036999999999868e-05
1.657496000000000029e-05
1.133231999999999961e-05
6.603613000000000331e-06
3.736935999999999893e-06
2.294763000000000072e-06
1.431778000000000024e-06
7.624740000000000287e-07
2.376733000000000068e-05
2.369701000000000099e-05
1.957288999999999955e-05
1.314577000000000001e-05
7.616466000000000169e-06
4.354196999999999877e-06
2.705567000000000129e-06
1.679390999999999927e-06
8.768631000000000004e-07
3.077553999999999978e-05
2.992245000000000012e-05
2.400080999999999967e-05
1.577021000000000092e-05
9.106781000000000316e-06
5.295242999999999845e-06
3.336829000000000134e-06
2.048122999999999923e-06
1.040517999999999894e-06
