6.999506999999999627e-06
5.385805999999999913e-06
3.725885999999999804e-06
2.253659000000000050e-06
1.201599000000000038e-06
6.156924999999999924e-07
3.334452000000000165e-07
1.796912999999999939e-07
8.117568999999999888e-08
1.032222000000000059e-05
7.916607000000000553e-06
5.415101000000000282e-06
3.204108999999999988e-06
1.675727000000000007e-06
8.653036999999999744e-07
4.787492999999999709e-07
2.581773999999999915e-07
1.130132999999999973e-07
1.096722000000000034e-05
8.446504000000000471e-06
5.796637000000000080e-06
3.427694000000000068e-06
1.784623000000000032e-06
9.198049999999999967e-07
5.111691000000000082e-07
2.773732000000000157e-07
1.217383000000000043e-07
1.189418000000000070e-05
9.137959000000000782e-06
6.263676000000000031e-06
3.699287000000000162e-06
1.922636999999999986e-06
9.905151999999999571e-07
5.503453999999999909e-07
2.981779999999999851e-07
1.305021000000000049e-07
1.239311000000000068e-05
9.478219000000000468e-06
6.484033000000000368e-06
3.829956000000000232e-06
1.992377000000000186e-06
1.025798999999999960e-06
5.676220999999999910e-07
3.060820999999999930e-07
1.335303000000000082e-07
3.119168000000000017e-05
2.227097999999999933e-05
1.397884000000000015e-05
7.728342999999999471e-06
4.053165999999999913e-06
2.215811999999999936e-06
1.225706999999999952e-06
5.950010000000000483e-07
2.160720999999999963e-07
3.970986000000000134e-05
2.804668999999999964e-05
1.735478000000000056e-05
9.491802999999999354e-06
4.993081999999999606e-06
2.757719000000000184e-06
1.522824999999999900e-06
7.243461000000000383e-07
2.529140000000000107e-07
4.697138000000000089e-05
3.305522000000000299e-05
2.030809999999999958e-05
1.102331999999999969e-05
5.798263999999999887e-06
3.223661999999999952e-06
1.784565999999999941e-06
8.420631999999999722e-07
2.875372999999999922e-07
4.940700999999999708e-05
3.473895999999999782e-05
2.130551999999999926e-05
1.154226000000000018e-05
6.070691999999999949e-06
3.380521999999999835e-06
1.872448999999999934e-06
8.817776999999999669e-07
2.993012999999999909e-07
6.690938000000000549e-05
4.519263000000000034e-05
2.686376999999999979e-05
1.456174999999999996e-05
7.873244999999999189e-06
4.415021000000000025e-06
2.346757999999999817e-06
1.023655000000000070e-06
3.184637999999999747e-07
9.191494999999999993e-05
6.094358000000000240e-05
3.560602999999999967e-05
1.923238999999999832e-05
1.052666999999999996e-05
5.939783999999999846e-06
3.103854999999999863e-06
1.298595000000000016e-06
3.793448999999999944e-07
1.006685000000000002e-04
6.645976999999999473e-05
3.865781000000000181e-05
2.085750999999999878e-05
1.145090000000000077e-05
6.473073000000000222e-06
3.369820000000000035e-06
1.395349000000000089e-06
4.007802000000000037e-07
1.464880999999999909e-04
9.402180000000000162e-05
5.376816000000000191e-05
2.925079000000000053e-05
1.638002000000000042e-05
9.225318000000000499e-06
4.615341000000000167e-06
1.781605999999999972e-06
4.676123000000000215e-07
1.699929000000000034e-04
1.080809000000000039e-04
6.148113999999999934e-05
3.356561999999999729e-05
1.892228999999999938e-05
1.063638999999999965e-05
5.244949999999999648e-06
1.972585000000000190e-06
4.995523000000000282e-07
2.093654000000000131e-04
1.311579000000000000e-04
7.431329999999999880e-05
4.098944000000000036e-05
2.332789000000000002e-05
1.299397999999999989e-05
6.220221000000000123e-06
2.235327000000000121e-06
5.330106999999999780e-07
4.111462000000000053e-07
4.907749999999999725e-07
5.629387999999999718e-07
5.928637000000000044e-07
5.383912999999999964e-07
3.969308999999999773e-07
2.357852000000000009e-07
1.246746999999999934e-07
6.959452000000000133e-08
6.010251000000000420e-07
7.220317999999999790e-07
8.386052999999999608e-07
8.944018000000000329e-07
8.084448999999999920e-07
5.777508000000000386e-07
3.311921999999999764e-07
1.735275000000000032e-07
9.926660000000000295e-08
6.234948000000000278e-07
7.504884000000000116e-07
8.772948000000000373e-07
9.466872999999999620e-07
8.650334999999999486e-07
6.197055000000000165e-07
3.535864999999999879e-07
1.841593999999999967e-07
1.054203000000000033e-07
6.957272999999999965e-07
8.308621000000000109e-07
9.601918000000000417e-07
1.028197000000000085e-06
9.374395999999999870e-07
6.702089000000000504e-07
3.815267999999999882e-07
1.986018000000000096e-07
1.136716999999999974e-07
7.634238000000000098e-07
8.983208000000000034e-07
1.017786000000000059e-06
1.073421999999999936e-06
9.720718999999998994e-07
6.939012999999999906e-07
3.956703000000000249e-07
2.064411999999999997e-07
1.178408000000000053e-07
2.460900000000000020e-06
2.893717000000000182e-06
3.163894999999999970e-06
3.010910999999999928e-06
2.332468999999999894e-06
1.451943999999999968e-06
7.915152999999999805e-07
4.425448999999999779e-07
2.713508999999999870e-07
3.243589999999999890e-06
3.810754000000000005e-06
4.144866999999999630e-06
3.889075999999999930e-06
2.943471000000000113e-06
1.792787000000000078e-06
9.715344999999999306e-07
5.505619000000000379e-07
3.411055999999999889e-07
3.844253999999999769e-06
4.531913999999999721e-06
4.947481000000000175e-06
4.637416000000000290e-06
3.477473999999999869e-06
2.091250999999999910e-06
1.125983000000000058e-06
6.417774000000000118e-07
4.010602000000000035e-07
4.050344999999999758e-06
4.775362999999999666e-06
5.215638999999999684e-06
4.887553999999999589e-06
3.657059999999999846e-06
2.192277999999999985e-06
1.178415000000000008e-06
6.725911000000000358e-07
4.211736999999999804e-07
6.602682000000000254e-06
7.564302000000000206e-06
7.786275999999999649e-06
6.728972000000000361e-06
4.694757999999999614e-06
2.740531999999999886e-06
1.514971999999999969e-06
9.018419999999999833e-07
5.571587999999999823e-07
9.699794999999999514e-06
1.102542999999999991e-05
1.113817999999999980e-05
9.335885000000000486e-06
6.302551999999999962e-06
3.612751000000000081e-06
2.015856000000000101e-06
1.225373000000000050e-06
7.559138999999999566e-07
1.076477999999999928e-05
1.222451999999999930e-05
1.230997999999999932e-05
1.025109000000000014e-05
6.865569000000000165e-06
3.916612999999999630e-06
2.189762999999999807e-06
1.338073000000000047e-06
8.256369000000000046e-07
1.778711999999999920e-05
1.970499000000000122e-05
1.897788999999999932e-05
1.496668999999999951e-05
9.607445999999999697e-06
5.434181000000000107e-06
3.128583999999999979e-06
1.957874000000000052e-06
1.180514999999999954e-06
2.149154999999999924e-05
2.362552000000000076e-05
2.243108999999999872e-05
1.737732999999999918e-05
1.100100999999999922e-05
6.210541999999999974e-06
3.614053000000000023e-06
2.278469000000000072e-06
1.361850999999999957e-06
2.870632999999999863e-05
3.090528000000000237e-05
2.843319000000000009e-05
2.133771999999999871e-05
1.325913000000000022e-05
7.521877999999999746e-06
4.473061999999999797e-06
2.840500000000000163e-06
1.659850999999999899e-06
