1.011180000000000032e-05
6.976119999999999710e-06
4.215884000000000139e-06
2.260190999999999940e-06
1.167832000000000104e-06
6.290211000000000235e-07
3.324537000000000172e-07
1.472830000000000093e-07
4.573212000000000068e-08
1.629353999999999850e-05
1.092540999999999947e-05
6.412936999999999583e-06
3.395805999999999908e-06
1.780168999999999905e-06
9.699933000000000782e-07
5.005603000000000066e-07
2.089391000000000078e-07
5.932585999999999969e-08
2.018967999999999945e-05
1.330711000000000074e-05
7.708900000000000003e-06
4.079648000000000348e-06
2.158742999999999890e-06
1.175557999999999918e-06
5.941579999999999659e-07
2.393451999999999878e-07
6.490939000000000099e-08
2.417103000000000158e-05
1.572149000000000116e-05
9.026314999999999653e-06
4.781289999999999584e-06
2.547448999999999824e-06
1.383483999999999949e-06
6.865758000000000088e-07
2.686271999999999981e-07
7.010841999999999642e-08
2.584071999999999948e-05
1.672014999999999949e-05
9.575371000000000517e-06
5.079412000000000353e-06
2.712296999999999978e-06
1.468618000000000082e-06
7.223384000000000144e-07
2.793091999999999875e-07
7.182834000000000220e-08
2.967875000000000108e-05
1.922477000000000059e-05
1.091545999999999967e-05
5.730988000000000363e-06
3.068738000000000145e-06
1.685381000000000102e-06
8.379061999999999965e-07
3.220986000000000094e-07
8.057697000000000449e-08
3.961257999999999945e-05
2.512167000000000168e-05
1.405353000000000061e-05
7.403192000000000320e-06
4.015710999999999608e-06
2.195957999999999923e-06
1.058689000000000038e-06
3.860904000000000067e-07
8.977734999999999625e-08
4.954975000000000107e-05
3.099225000000000130e-05
1.718510999999999986e-05
9.082600999999999473e-06
4.966470999999999633e-06
2.703527000000000145e-06
1.274671000000000099e-06
4.475786999999999843e-07
9.829439000000000513e-08
5.354095999999999839e-05
3.333232000000000073e-05
1.843926999999999939e-05
9.762890999999999697e-06
5.350756000000000139e-06
2.904678999999999960e-06
1.357769999999999962e-06
4.703386000000000186e-07
1.011796999999999938e-07
5.862335000000000175e-05
3.607867000000000197e-05
1.985974999999999904e-05
1.057923999999999970e-05
5.835062999999999871e-06
3.146023999999999849e-06
1.439797999999999907e-06
4.831297000000000357e-07
9.973263000000000491e-08
7.953828000000000243e-05
4.802079999999999939e-05
2.623087999999999847e-05
1.411221999999999988e-05
7.854629000000000314e-06
4.177415999999999612e-06
1.838004999999999947e-06
5.793932000000000163e-07
1.078781000000000004e-07
8.885285000000000091e-05
5.329217000000000242e-05
2.906874000000000114e-05
1.570976000000000051e-05
8.763762000000000068e-06
4.628721000000000198e-06
2.003835000000000102e-06
6.166847000000000428e-07
1.100095000000000031e-07
1.167740000000000038e-04
6.891667999999999557e-05
3.749323999999999816e-05
2.050573999999999859e-05
1.150148999999999921e-05
5.968573000000000224e-06
2.478645999999999867e-06
7.156454999999999611e-07
1.125171999999999985e-07
1.360386999999999957e-04
7.963777999999999699e-05
4.338195000000000229e-05
2.391525999999999843e-05
1.342381999999999983e-05
6.870372999999999789e-06
2.776267999999999962e-06
7.713805999999999689e-07
1.111295999999999948e-07
1.642678000000000063e-04
9.533477000000000541e-05
5.217979999999999803e-05
2.907801999999999981e-05
1.629165999999999912e-05
8.158808000000000778e-06
3.171026000000000088e-06
8.365441000000000482e-07
1.051846000000000034e-07
9.287179999999999654e-07
1.064820999999999897e-06
1.117314000000000048e-06
1.006168999999999988e-06
7.355226999999999586e-07
4.381328000000000122e-07
2.351808000000000091e-07
1.322921999999999887e-07
7.943590000000000525e-08
1.664328000000000026e-06
1.884361999999999917e-06
1.922326000000000084e-06
1.653767000000000094e-06
1.147692000000000031e-06
6.609850000000000124e-07
3.571579000000000088e-07
2.068087999999999983e-07
1.238903000000000092e-07
2.227455000000000089e-06
2.486078999999999851e-06
2.472668999999999839e-06
2.060690999999999986e-06
1.392002000000000026e-06
7.934587999999999476e-07
4.334938000000000194e-07
2.540904999999999815e-07
1.504588999999999921e-07
2.841901999999999900e-06
3.128255000000000003e-06
3.043705000000000109e-06
2.474531999999999807e-06
1.639076999999999901e-06
9.290509000000000067e-07
5.126088999999999626e-07
3.027790999999999799e-07
1.772053000000000072e-07
3.137444999999999994e-06
3.421599000000000171e-06
3.290443999999999815e-06
2.646159000000000104e-06
1.740920000000000054e-06
9.864986000000000030e-07
5.469456999999999767e-07
3.234967999999999907e-07
1.880735000000000065e-07
3.424237999999999960e-06
3.817489000000000204e-06
3.763881000000000191e-06
3.065510999999999795e-06
2.003531999999999997e-06
1.116365999999999926e-06
6.136859000000000412e-07
3.672068999999999951e-07
2.172773999999999892e-07
4.983014999999999758e-06
5.467619999999999669e-06
5.235671000000000376e-06
4.106029000000000325e-06
2.600133999999999981e-06
1.437184999999999988e-06
8.047207000000000201e-07
4.878409000000000416e-07
2.831059000000000019e-07
6.602262999999999912e-06
7.160182000000000422e-06
6.720879000000000370e-06
5.143034999999999625e-06
3.193384000000000188e-06
1.758889999999999943e-06
9.977648999999999429e-07
6.090794999999999848e-07
3.483245000000000033e-07
7.297133000000000257e-06
7.869267000000000766e-06
7.326062000000000264e-06
5.556862999999999722e-06
3.429387000000000002e-06
1.889012999999999976e-06
1.076803000000000090e-06
6.581393000000000440e-07
3.740544000000000172e-07
8.381905999999999908e-06
8.954963000000000273e-06
8.187546999999999352e-06
6.075446999999999703e-06
3.695658999999999966e-06
2.039507999999999922e-06
1.178071000000000041e-06
7.222953999999999921e-07
4.038850000000000197e-07
1.239207000000000077e-05
1.297607000000000060e-05
1.148788999999999988e-05
8.224077999999999562e-06
4.887331000000000421e-06
2.707747999999999981e-06
1.598333000000000076e-06
9.828818999999999280e-07
5.340064000000000191e-07
1.432872000000000026e-05
1.486229999999999999e-05
1.298270999999999924e-05
9.172094999999999467e-06
5.412514000000000234e-06
3.009528000000000080e-06
1.790987999999999970e-06
1.100236000000000006e-06
5.904942000000000308e-07
2.039259999999999852e-05
2.071962999999999935e-05
1.753621000000000062e-05
1.199744999999999979e-05
6.963192999999999690e-06
3.911273999999999849e-06
2.375060000000000093e-06
1.454908000000000047e-06
7.570559000000000339e-07
2.501789999999999979e-05
2.501123000000000075e-05
2.072526000000000018e-05
1.392128999999999932e-05
8.029354999999999969e-06
4.554023999999999751e-06
2.796360000000000193e-06
1.703053000000000023e-06
8.682179000000000336e-07
3.243848999999999713e-05
3.163141999999999809e-05
2.544347999999999987e-05
1.670672999999999920e-05
9.596575999999999918e-06
5.532166999999999883e-06
3.441805999999999976e-06
2.071295000000000046e-06
1.026063000000000047e-06
