6.012566000000000160e-06
4.342847000000000401e-06
2.764821999999999954e-06
1.534265999999999982e-06
7.848999999999999940e-07
4.144933000000000075e-07
2.273000999999999960e-07
1.115703999999999943e-07
4.055861000000000083e-08
8.854585999999999929e-06
6.346798000000000317e-06
3.967040999999999954e-06
2.150433999999999865e-06
1.096161999999999992e-06
5.910643000000000340e-07
3.276416000000000213e-07
1.577344999999999888e-07
5.418997999999999778e-08
9.432068999999999225e-06
6.787512000000000143e-06
4.247457000000000286e-06
2.294278000000000025e-06
1.165145000000000048e-06
6.297259000000000180e-07
3.512722999999999737e-07
1.698639999999999916e-07
5.813011000000000038e-08
1.021215000000000013e-05
7.336941999999999896e-06
4.586650000000000377e-06
2.473164999999999978e-06
1.254692000000000023e-06
6.781341999999999870e-07
3.778778999999999985e-07
1.823420999999999980e-07
6.191291999999999427e-08
1.060785000000000043e-05
7.598391999999999739e-06
4.747621000000000026e-06
2.562028999999999946e-06
1.300192000000000053e-06
7.006857999999999678e-07
3.884925000000000226e-07
1.868062999999999884e-07
6.315396999999999466e-08
2.565646999999999866e-05
1.692957999999999995e-05
9.759684000000000322e-06
5.143685999999999595e-06
2.749604999999999825e-06
1.532030000000000094e-06
7.930921000000000108e-07
3.251149000000000176e-07
8.930563999999999685e-08
3.246011999999999915e-05
2.113462000000000061e-05
1.202088999999999969e-05
6.318245999999999917e-06
3.410875000000000187e-06
1.908670000000000057e-06
9.747225999999999907e-07
3.868677999999999829e-07
1.013595999999999940e-07
3.832450000000000212e-05
2.480704000000000093e-05
1.399372999999999993e-05
7.328675999999999999e-06
3.977102000000000060e-06
2.236976000000000112e-06
1.138029999999999927e-06
4.442496000000000025e-07
1.130993999999999943e-07
4.029344999999999959e-05
2.604505999999999963e-05
1.466170999999999959e-05
7.670927999999999615e-06
4.168053999999999955e-06
2.347256000000000011e-06
1.192978000000000083e-06
4.637237999999999930e-07
1.171603999999999934e-07
5.322832000000000133e-05
3.314282999999999926e-05
1.840889999999999920e-05
9.841815000000000570e-06
5.458539999999999749e-06
3.002003000000000097e-06
1.427937999999999905e-06
5.084140999999999812e-07
1.160550000000000026e-07
7.231082999999999424e-05
4.417642000000000080e-05
2.428989999999999931e-05
1.308884000000000020e-05
7.343455000000000319e-06
4.007054000000000141e-06
1.844239000000000081e-06
6.202756000000000198e-07
1.296355999999999886e-07
7.899556999999999760e-05
4.803401000000000193e-05
2.633777999999999909e-05
1.421883000000000054e-05
8.001574999999999703e-06
4.359635999999999877e-06
1.990703000000000141e-06
6.594555999999999775e-07
1.344169000000000130e-07
1.129168999999999963e-04
6.707101999999999671e-05
3.671382000000000215e-05
2.021071000000000017e-05
1.146744000000000078e-05
6.082134999999999663e-06
2.615367000000000128e-06
7.968718999999999717e-07
1.386362000000000089e-07
1.302498000000000078e-04
7.677570000000000423e-05
4.203278000000000044e-05
2.330059999999999846e-05
1.325013000000000082e-05
6.958166000000000051e-06
2.927021000000000042e-06
8.638195000000000013e-07
1.397874999999999936e-07
1.588346999999999990e-04
9.276959999999999352e-05
5.107665000000000165e-05
2.866826999999999920e-05
1.628328999999999974e-05
8.359572000000000470e-06
3.377002000000000079e-06
9.474305999999999605e-07
1.340129999999999970e-07
4.602439000000000096e-07
5.384667000000000236e-07
5.895014000000000273e-07
5.701511000000000264e-07
4.560346999999999907e-07
2.913901000000000094e-07
1.574956000000000011e-07
8.466005999999999768e-08
5.058069000000000186e-08
6.749930000000000145e-07
7.979059999999999716e-07
8.859549999999999946e-07
8.603779999999999768e-07
6.729488000000000417e-07
4.139968000000000136e-07
2.189545999999999958e-07
1.194412999999999937e-07
7.330783999999999901e-08
7.008092000000000494e-07
8.321394000000000325e-07
9.332676000000000209e-07
9.175878000000000130e-07
7.219223000000000269e-07
4.429788999999999936e-07
2.327922999999999874e-07
1.266737000000000102e-07
7.821469000000000301e-08
7.786969999999999748e-07
9.147005000000000187e-07
1.015698000000000020e-06
9.949399000000001012e-07
7.814593999999999520e-07
4.783145000000000179e-07
2.510470999999999769e-07
1.366326000000000081e-07
8.432140999999999616e-08
8.474958000000000495e-07
9.768033000000000181e-07
1.065333000000000054e-06
1.033445999999999922e-06
8.091942999999999894e-07
4.956049999999999966e-07
2.608059000000000206e-07
1.418878999999999877e-07
8.714029000000000453e-08
2.736824999999999839e-06
3.097345999999999974e-06
3.132097000000000177e-06
2.633508999999999895e-06
1.767764999999999921e-06
9.938039000000000836e-07
5.401146999999999865e-07
3.218838999999999803e-07
1.964159000000000112e-07
3.606380000000000189e-06
4.068901000000000364e-06
4.072219000000000050e-06
3.354153000000000190e-06
2.197875000000000111e-06
1.219354999999999949e-06
6.678262999999999904e-07
4.039601000000000175e-07
2.457671000000000249e-07
4.282482000000000005e-06
4.851151000000000371e-06
4.862114999999999780e-06
3.979665000000000292e-06
2.575353000000000125e-06
1.414675999999999955e-06
7.759157000000000477e-07
4.738028000000000133e-07
2.890487999999999988e-07
4.512153000000000368e-06
5.113151999999999965e-06
5.125839000000000137e-06
4.189528999999999610e-06
2.702814999999999973e-06
1.480943000000000002e-06
8.125368000000000341e-07
4.972536999999999576e-07
3.036088999999999838e-07
7.249328000000000128e-06
7.833642000000000578e-06
7.279684999999999742e-06
5.499435000000000143e-06
3.390313999999999927e-06
1.874417000000000048e-06
1.076848000000000062e-06
6.663907999999999641e-07
3.844444999999999853e-07
1.060882000000000052e-05
1.130228000000000049e-05
1.022659000000000063e-05
7.468014999999999682e-06
4.486674999999999695e-06
2.478006999999999804e-06
1.453743000000000076e-06
9.078888999999999923e-07
5.117735999999999658e-07
1.176886999999999969e-05
1.251107000000000082e-05
1.126039000000000079e-05
8.158377999999999496e-06
4.869379000000000394e-06
2.687714999999999897e-06
1.584802999999999927e-06
9.923016000000000980e-07
5.563910999999999879e-07
1.919419999999999997e-05
1.965438000000000138e-05
1.677608999999999950e-05
1.156426999999999999e-05
6.743669999999999928e-06
3.789064000000000133e-06
2.308888999999999943e-06
1.439923999999999997e-06
7.699976000000000154e-07
2.309794000000000064e-05
2.337237999999999864e-05
1.960823999999999914e-05
1.329679999999999948e-05
7.698986999999999747e-06
4.356708000000000369e-06
2.683995999999999942e-06
1.670100999999999928e-06
8.783216999999999656e-07
3.050041000000000094e-05
3.000252000000000086e-05
2.434413000000000167e-05
1.609990999999999880e-05
9.280313999999999862e-06
5.348860000000000318e-06
3.348448999999999863e-06
2.058835999999999815e-06
1.050633000000000009e-06
