9.987046999999999656e-06
6.904291999999999896e-06
4.187739999999999990e-06
2.258868000000000054e-06
1.176229000000000017e-06
6.394231999999999523e-07
3.428476000000000054e-07
1.555409000000000108e-07
5.027354999999999955e-08
1.609361999999999924e-05
1.081749999999999934e-05
6.376952999999999861e-06
3.399561000000000010e-06
1.796647999999999929e-06
9.889895999999999424e-07
5.188087999999999598e-07
2.224115000000000060e-07
6.613370999999999537e-08
1.994275999999999878e-05
1.318000999999999987e-05
7.671191000000000733e-06
4.088399000000000292e-06
2.181648000000000055e-06
1.201092000000000019e-06
6.177666000000000070e-07
2.559154000000000206e-07
7.286353999999999549e-08
2.387632999999999913e-05
1.557581999999999888e-05
8.987865000000000047e-06
4.795769000000000094e-06
2.577519000000000199e-06
1.416061000000000070e-06
7.157292999999999661e-07
2.882879000000000016e-07
7.912922999999999394e-08
2.552632000000000127e-05
1.656826999999999985e-05
9.537221999999999266e-06
5.096931000000000074e-06
2.745912000000000163e-06
1.504498999999999925e-06
7.538410999999999990e-07
3.002150999999999842e-07
8.121709999999999740e-08
2.931585000000000156e-05
1.904500000000000146e-05
1.086944000000000075e-05
5.749572000000000049e-06
3.104854000000000123e-06
1.725023000000000001e-06
8.742308999999999962e-07
3.466330999999999965e-07
9.177153999999999513e-08
3.912970999999999979e-05
2.489773999999999991e-05
1.400814000000000002e-05
7.437064000000000188e-06
4.069841000000000054e-06
2.253758000000000030e-06
1.109414999999999906e-06
4.183423000000000045e-07
1.035076999999999998e-07
4.894796999999999749e-05
3.072634000000000031e-05
1.714185999999999989e-05
9.132835000000000795e-06
5.039587000000000272e-06
2.780076000000000045e-06
1.339870000000000099e-06
4.874290999999999822e-07
1.144107000000000016e-07
5.289027000000000208e-05
3.305065000000000178e-05
1.839758000000000013e-05
9.820073000000000533e-06
5.431949999999999721e-06
2.989186000000000149e-06
1.428853999999999991e-06
5.131540999999999562e-07
1.181531999999999969e-07
5.791470999999999696e-05
3.578489999999999682e-05
1.982677999999999993e-05
1.064895999999999977e-05
5.929552999999999707e-06
3.242986999999999974e-06
1.519203999999999897e-06
5.292910999999999636e-07
1.171636999999999998e-07
7.858270999999999627e-05
4.765794999999999998e-05
2.621717999999999892e-05
1.422542000000000076e-05
7.997521999999999422e-06
4.319940000000000181e-06
1.949319999999999829e-06
6.403892000000000418e-07
1.287000000000000076e-07
8.779012000000000642e-05
5.290317000000000327e-05
2.906666000000000132e-05
1.584460000000000073e-05
8.930363999999999935e-06
4.792889999999999609e-06
2.129548999999999980e-06
6.840127000000000486e-07
1.320204000000000087e-07
1.153902000000000053e-04
6.845802000000000224e-05
3.753246999999999812e-05
2.070994999999999981e-05
1.174328000000000016e-05
6.200295000000000239e-06
2.648004999999999815e-06
8.016004000000000527e-07
1.373571999999999880e-07
1.344418999999999909e-04
7.914295999999999484e-05
4.345820999999999739e-05
2.417465000000000071e-05
1.372413000000000001e-05
7.152319999999999819e-06
2.975949000000000041e-06
8.693902000000000156e-07
1.371065999999999897e-07
1.623713999999999952e-04
9.480525000000000172e-05
5.232293000000000219e-05
2.943011999999999937e-05
1.668802999999999885e-05
8.519542000000000228e-06
3.415241999999999818e-06
9.509578000000000002e-07
1.317652999999999921e-07
9.089618000000000257e-07
1.044853999999999941e-06
1.098037000000000080e-06
9.898540000000000438e-07
7.252339000000000021e-07
4.336793000000000048e-07
2.336223999999999943e-07
1.319139999999999992e-07
8.008828000000000543e-08
1.629201000000000031e-06
1.848875999999999965e-06
1.888624000000000038e-06
1.626818999999999924e-06
1.132096000000000028e-06
6.546758000000000474e-07
3.549407000000000252e-07
2.065554999999999996e-07
1.254191000000000116e-07
2.180277000000000115e-06
2.438610999999999919e-06
2.428652999999999903e-06
2.027035000000000151e-06
1.373418999999999945e-06
7.861018000000000492e-07
4.309801000000000040e-07
2.541865999999999767e-07
1.527223000000000122e-07
2.781226000000000026e-06
3.067796999999999793e-06
2.988772000000000156e-06
2.434033999999999996e-06
1.617521999999999944e-06
9.206286999999999486e-07
5.098809000000000457e-07
3.033321999999999903e-07
1.802756999999999895e-07
3.069831999999999851e-06
3.354338999999999819e-06
3.230602999999999908e-06
2.602914999999999879e-06
1.718098000000000063e-06
9.776603999999998968e-07
5.442043000000000498e-07
3.243311000000000130e-07
1.915356000000000068e-07
3.352298999999999835e-06
3.744848999999999998e-06
3.696433999999999971e-06
3.015176000000000132e-06
1.977348999999999980e-06
1.106439999999999947e-06
6.101761000000000159e-07
3.676254000000000064e-07
2.211211000000000040e-07
4.877559000000000034e-06
5.361705999999999585e-06
5.140005000000000265e-06
4.038467000000000106e-06
2.566977000000000156e-06
1.424818999999999995e-06
8.005686000000000315e-07
4.894408999999999500e-07
2.890927000000000036e-07
6.461582000000000030e-06
7.019652000000000262e-06
6.596535999999999585e-06
5.058349999999999605e-06
3.153350000000000056e-06
1.744127000000000064e-06
9.931168000000000272e-07
6.120477999999999916e-07
3.565249000000000057e-07
7.141943999999999700e-06
7.713984000000000579e-06
7.189750000000000069e-06
5.465322999999999579e-06
3.386665000000000210e-06
1.873257000000000003e-06
1.071991000000000033e-06
6.617495000000000455e-07
3.832228000000000055e-07
8.201403000000000664e-06
8.775877000000000544e-06
8.033648000000000099e-06
5.975514999999999996e-06
3.650155999999999853e-06
2.022725000000000187e-06
1.173342999999999974e-06
7.273585999999999735e-07
4.145578999999999802e-07
1.212097999999999995e-05
1.271041999999999917e-05
1.126741999999999960e-05
8.088738999999999332e-06
4.828444999999999982e-06
2.686182999999999960e-06
1.593539999999999908e-06
9.924947000000000708e-07
5.502199000000000206e-07
1.401260999999999932e-05
1.455476999999999956e-05
1.273180000000000065e-05
9.021251000000000476e-06
5.347805999999999599e-06
2.985877999999999892e-06
1.786477999999999991e-06
1.112259000000000060e-06
6.094044000000000170e-07
1.993390999999999970e-05
2.027960000000000147e-05
1.719084000000000091e-05
1.180022999999999967e-05
6.881369000000000082e-06
3.881592000000000020e-06
2.371935000000000017e-06
1.475000000000000066e-06
7.843870000000000211e-07
2.444868000000000052e-05
2.447236000000000027e-05
2.031269999999999951e-05
1.369266000000000080e-05
7.935818000000000394e-06
4.520468000000000136e-06
2.795317999999999805e-06
1.729760000000000105e-06
9.020212000000000383e-07
3.168262000000000194e-05
3.093242999999999752e-05
2.492930999999999934e-05
1.643228000000000050e-05
9.485802999999999751e-06
5.493578000000000039e-06
3.445635000000000003e-06
2.109085000000000069e-06
1.070322999999999942e-06
