7.003708999999999998e-06
5.389063999999999637e-06
3.728154000000000152e-06
2.255027000000000119e-06
1.202309999999999971e-06
6.160350000000000235e-07
3.336123000000000127e-07
1.797642000000000051e-07
8.119621999999999860e-08
1.032800000000000005e-05
7.921110000000000127e-06
5.418226999999999751e-06
3.205957999999999994e-06
1.676667999999999936e-06
8.657617000000000172e-07
4.789741999999999957e-07
2.582735999999999788e-07
1.130367999999999974e-07
1.097304999999999991e-05
8.451110999999999527e-06
5.799869999999999749e-06
3.429612000000000072e-06
1.785592000000000098e-06
9.202733000000000274e-07
5.114031999999999481e-07
2.774740000000000135e-07
1.217627999999999923e-07
1.190021999999999971e-05
9.142772000000000019e-06
6.267074000000000231e-06
3.701300999999999852e-06
1.923646000000000098e-06
9.910005999999999728e-07
5.505893000000000107e-07
2.982832000000000091e-07
1.305274000000000098e-07
1.239931000000000072e-05
9.483145000000000496e-06
6.487505999999999885e-06
3.832012999999999626e-06
1.993396000000000150e-06
1.026286000000000062e-06
5.678667999999999482e-07
3.061888000000000054e-07
1.335556000000000131e-07
3.121029000000000099e-05
2.228424999999999929e-05
1.398705000000000019e-05
7.732702000000000152e-06
4.055315000000000153e-06
2.216885000000000121e-06
1.226200000000000008e-06
5.951591999999999471e-07
2.160858000000000092e-07
3.973329000000000054e-05
2.806329999999999947e-05
1.736487999999999899e-05
9.497048000000000352e-06
4.995633999999999746e-06
2.759016000000000199e-06
1.523394999999999964e-06
7.245200000000000317e-07
2.529203999999999862e-07
4.699834999999999701e-05
3.307429000000000212e-05
2.031962999999999979e-05
1.102924999999999948e-05
5.801150000000000353e-06
3.225108999999999872e-06
1.785216999999999911e-06
8.422522000000000012e-07
2.875380999999999825e-07
4.943567999999999693e-05
3.475938999999999722e-05
2.131794000000000074e-05
1.154856999999999944e-05
6.073634000000000267e-06
3.382048000000000031e-06
1.873125999999999987e-06
8.819675999999999784e-07
2.993013999999999831e-07
6.694778999999999552e-05
4.521843999999999663e-05
2.687872999999999939e-05
1.456939999999999979e-05
7.877037999999999916e-06
4.416873000000000325e-06
2.347509000000000007e-06
1.023820999999999993e-06
3.184451000000000091e-07
9.196700999999999617e-05
6.097791999999999910e-05
3.562547999999999827e-05
1.924220000000000018e-05
1.053152999999999944e-05
5.942131000000000046e-06
3.104737999999999885e-06
1.298752999999999930e-06
3.793015999999999956e-07
1.007241000000000001e-04
6.649589000000000075e-05
3.867811999999999959e-05
2.086773999999999953e-05
1.145598999999999939e-05
6.475649000000000178e-06
3.370742999999999891e-06
1.395510000000000086e-06
4.007263999999999797e-07
1.465700000000000011e-04
9.407340999999999349e-05
5.379645000000000228e-05
2.926509000000000139e-05
1.638717999999999986e-05
9.228630999999999835e-06
4.616425999999999836e-06
1.781700000000000026e-06
4.675133999999999808e-07
1.700874000000000006e-04
1.081390000000000026e-04
6.151247999999999623e-05
3.358151999999999828e-05
1.893025000000000057e-05
1.064003000000000018e-05
5.246078999999999684e-06
1.972643999999999913e-06
4.994293000000000211e-07
2.094797000000000130e-04
1.312274000000000101e-04
7.435003999999999398e-05
4.100820999999999883e-05
2.333721000000000149e-05
1.299806000000000071e-05
6.221358000000000380e-06
2.235307999999999809e-06
5.328521000000000046e-07
4.113837999999999888e-07
4.910589000000000377e-07
5.632671999999999948e-07
5.932163999999999782e-07
5.387192000000000055e-07
3.971781000000000035e-07
2.359320999999999901e-07
1.247527000000000024e-07
6.963759999999999618e-08
6.013328999999999834e-07
7.224035999999999930e-07
8.390462999999999579e-07
8.948923999999999593e-07
8.089090999999999731e-07
5.780909000000000457e-07
3.313874999999999887e-07
1.736319000000000104e-07
9.932530000000000069e-08
6.237769000000000221e-07
7.508325000000000233e-07
8.777165999999999491e-07
9.471761000000000292e-07
8.655087000000000215e-07
6.200599000000000160e-07
3.537885999999999973e-07
1.842655999999999953e-07
1.054808999999999979e-07
6.960083000000000240e-07
8.312055000000000244e-07
9.606144000000001027e-07
1.028697999999999938e-06
9.379398000000000089e-07
6.705816000000000468e-07
3.817387000000000247e-07
1.987121999999999971e-07
1.137347000000000026e-07
7.637238999999999716e-07
8.986823999999999687e-07
1.018224999999999895e-06
1.073936999999999964e-06
9.725850000000000233e-07
6.942853000000000025e-07
3.958868000000000189e-07
2.065524999999999962e-07
1.179039999999999949e-07
2.462326999999999812e-06
2.895408999999999877e-06
3.165783999999999809e-06
3.012745000000000155e-06
2.333901000000000035e-06
1.452817999999999953e-06
7.919858999999999900e-07
4.428075000000000163e-07
2.714983999999999822e-07
3.245408000000000099e-06
3.812929999999999931e-06
4.147284999999999884e-06
3.891451000000000056e-06
2.945262000000000211e-06
1.793862999999999921e-06
9.721028999999999081e-07
5.508830000000000499e-07
3.412828999999999808e-07
3.846317999999999992e-06
4.534390000000000305e-06
4.950281000000000386e-06
4.640152999999999821e-06
3.479556999999999981e-06
2.092467999999999835e-06
1.126626000000000019e-06
6.421398999999999596e-07
4.012632999999999877e-07
4.052487000000000016e-06
4.777921000000000396e-06
5.218551999999999837e-06
4.890470999999999852e-06
3.659326000000000139e-06
2.193584999999999853e-06
1.179094999999999932e-06
6.729696000000000018e-07
4.213864999999999994e-07
6.606380000000000265e-06
7.568588999999999746e-06
7.790786000000000052e-06
6.732949999999999631e-06
4.697532999999999769e-06
2.742120999999999915e-06
1.515838999999999972e-06
9.023338999999999667e-07
5.574161999999999512e-07
9.705113000000000197e-06
1.103157000000000084e-05
1.114453999999999918e-05
9.341363999999999896e-06
6.306241999999999752e-06
3.614821999999999862e-06
2.016987000000000193e-06
1.226022999999999993e-06
7.562340000000000469e-07
1.077058000000000014e-05
1.223130999999999996e-05
1.231702000000000053e-05
1.025681999999999949e-05
6.869494999999999694e-06
3.918746000000000275e-06
2.190960999999999842e-06
1.338762000000000007e-06
8.259871000000000152e-07
1.779708999999999870e-05
1.971618000000000136e-05
1.898885000000000031e-05
1.497533000000000083e-05
9.612948000000000377e-06
5.437228000000000147e-06
3.130303000000000207e-06
1.958851000000000128e-06
1.180965999999999909e-06
2.150389999999999921e-05
2.363923999999999832e-05
2.244430999999999857e-05
1.738723000000000056e-05
1.100720999999999926e-05
6.213948999999999787e-06
3.615987999999999861e-06
2.279561999999999961e-06
1.362345000000000041e-06
2.872372999999999951e-05
3.092299000000000122e-05
2.844993999999999954e-05
2.134987000000000164e-05
1.326647000000000039e-05
7.525946999999999622e-06
4.475393000000000402e-06
2.841786999999999902e-06
1.660400000000000018e-06
