7.000443000000000053e-06
5.386512999999999736e-06
3.726340999999999870e-06
2.253907999999999936e-06
1.201709999999999926e-06
6.157360999999999678e-07
3.334593000000000245e-07
1.796969999999999977e-07
8.118159999999999685e-08
1.032239000000000062e-05
7.916772999999999630e-06
5.415189000000000170e-06
3.204115999999999970e-06
1.675717999999999971e-06
8.652735999999999482e-07
4.787227000000000413e-07
2.581632999999999834e-07
1.130117999999999956e-07
1.096875999999999965e-05
8.447636000000000378e-06
5.797327000000000068e-06
3.428029000000000209e-06
1.784714000000000003e-06
9.198333999999999971e-07
5.111786999999999979e-07
2.773788000000000009e-07
1.217455999999999887e-07
1.189553000000000027e-05
9.138883999999999422e-06
6.264179000000000151e-06
3.699499000000000085e-06
1.922703000000000114e-06
9.905444999999999400e-07
5.503450000000000222e-07
2.981718999999999861e-07
1.304993000000000124e-07
1.239454999999999977e-05
9.479237999999999586e-06
6.484602000000000192e-06
3.830169999999999787e-06
1.992421999999999946e-06
1.025809000000000024e-06
5.676090000000000106e-07
3.060740999999999839e-07
1.335324999999999948e-07
3.119834999999999921e-05
2.227516000000000036e-05
1.398110000000000070e-05
7.729396999999999342e-06
4.053635000000000365e-06
2.216053000000000024e-06
1.225841000000000051e-06
5.950594999999999691e-07
2.160919000000000081e-07
3.971903999999999978e-05
2.805287000000000167e-05
1.735814999999999914e-05
9.493215000000000214e-06
4.993762999999999981e-06
2.758076999999999902e-06
1.523034999999999979e-06
7.244358999999999972e-07
2.529387999999999753e-07
4.697767000000000045e-05
3.305913999999999939e-05
2.031005000000000047e-05
1.102415999999999916e-05
5.798616999999999678e-06
3.223907999999999966e-06
1.784694999999999902e-06
8.421440000000000002e-07
2.875649999999999945e-07
4.941776999999999764e-05
3.474619000000000215e-05
2.130939999999999964e-05
1.154405000000000004e-05
6.071436000000000157e-06
3.380962999999999938e-06
1.872682000000000013e-06
8.818659000000000510e-07
2.993133999999999967e-07
6.692019000000000277e-05
4.519926999999999729e-05
2.686718999999999848e-05
1.456319999999999975e-05
7.873834000000000413e-06
4.415319999999999597e-06
2.346961999999999943e-06
1.023733000000000105e-06
3.184661999999999986e-07
9.192255000000000304e-05
6.094794000000000248e-05
3.560803999999999798e-05
1.923320000000000078e-05
1.052694999999999922e-05
5.939895000000000157e-06
3.103872999999999937e-06
1.298634000000000033e-06
3.793628000000000226e-07
1.006778000000000002e-04
6.646474000000000360e-05
3.865976000000000270e-05
2.085852000000000168e-05
1.145138999999999947e-05
6.473395999999999609e-06
3.369923999999999941e-06
1.395389999999999950e-06
4.007903000000000072e-07
1.465054999999999884e-04
9.403120999999999583e-05
5.377237999999999896e-05
2.925234000000000054e-05
1.638047999999999872e-05
9.225488999999999925e-06
4.615430999999999687e-06
1.781708000000000035e-06
4.676301999999999968e-07
1.700128000000000132e-04
1.080906999999999983e-04
6.148498999999999761e-05
3.356681999999999993e-05
1.892257999999999934e-05
1.063662999999999950e-05
5.245204999999999699e-06
1.972700000000000188e-06
4.996119000000000217e-07
2.093964000000000133e-04
1.311728999999999922e-04
7.431945999999999605e-05
4.099277999999999684e-05
2.332941999999999864e-05
1.299476000000000025e-05
6.220545999999999988e-06
2.235392000000000010e-06
5.330169000000000220e-07
4.111823999999999775e-07
4.908317000000000342e-07
5.630178000000000349e-07
5.929522999999999514e-07
5.384669999999999472e-07
3.969839000000000109e-07
2.358135000000000092e-07
1.246887000000000093e-07
6.959910000000000546e-08
6.010143999999999796e-07
7.220174000000000474e-07
8.386083000000000436e-07
8.944333999999999946e-07
8.084654999999999677e-07
5.777630000000000365e-07
3.311988999999999813e-07
1.735281000000000092e-07
9.926177000000000515e-08
6.235478999999999477e-07
7.505833000000000478e-07
8.774380999999999907e-07
9.468398000000000423e-07
8.651694999999999969e-07
6.197945000000000380e-07
3.536212000000000246e-07
1.841718999999999976e-07
1.054228999999999983e-07
6.957827000000000011e-07
8.309663000000000073e-07
9.603427000000000355e-07
1.028343000000000091e-06
9.375601999999999703e-07
6.702591999999999777e-07
3.815528000000000177e-07
1.986147000000000057e-07
1.136748999999999984e-07
7.634957000000000463e-07
8.984310999999999987e-07
1.017932000000000065e-06
1.073586000000000016e-06
9.722021999999999174e-07
6.939657000000000319e-07
3.956978999999999820e-07
2.064524999999999887e-07
1.178395000000000011e-07
2.461362999999999883e-06
2.894462000000000207e-06
3.164734999999999863e-06
3.011623999999999916e-06
2.332940999999999794e-06
1.452194000000000093e-06
7.916224999999999538e-07
4.426036999999999811e-07
2.713803000000000150e-07
3.244345000000000190e-06
3.811699999999999860e-06
4.145934000000000072e-06
3.890108999999999858e-06
2.944177000000000119e-06
1.793115000000000026e-06
9.717010999999999130e-07
5.506379000000000182e-07
3.411552000000000240e-07
3.844921000000000181e-06
4.532702999999999689e-06
4.948352000000000290e-06
4.638110999999999782e-06
3.477928999999999935e-06
2.091461000000000202e-06
1.126064999999999992e-06
6.418232000000000267e-07
4.010839000000000013e-07
4.051013000000000410e-06
4.776340999999999981e-06
5.216877999999999792e-06
4.888764999999999771e-06
3.657861999999999962e-06
2.192691000000000162e-06
1.178596999999999949e-06
6.726892000000000332e-07
4.212354000000000213e-07
6.604005000000000140e-06
7.565839999999999885e-06
7.787770999999999201e-06
6.730182999999999696e-06
4.695524000000000006e-06
2.740915999999999898e-06
1.515121000000000058e-06
9.019001000000000413e-07
5.572242000000000511e-07
9.700577000000000348e-06
1.102653999999999963e-05
1.113933000000000063e-05
9.336750999999999403e-06
6.303053999999999843e-06
3.612988999999999875e-06
2.015948999999999916e-06
1.225422999999999948e-06
7.559162000000000412e-07
1.076552999999999923e-05
1.222580000000000075e-05
1.231157000000000044e-05
1.025206000000000023e-05
6.866098999999999972e-06
3.916815999999999939e-06
2.189893000000000007e-06
1.338146999999999972e-06
8.256733000000000141e-07
1.778972999999999883e-05
1.970809999999999855e-05
1.898076000000000019e-05
1.496864999999999940e-05
9.608576000000000820e-06
5.434677999999999638e-06
3.128763999999999865e-06
1.957938999999999941e-06
1.180536999999999926e-06
2.149497999999999863e-05
2.362955000000000147e-05
2.243476000000000134e-05
1.737955999999999933e-05
1.100222999999999986e-05
6.211021999999999671e-06
3.614136999999999800e-06
2.278526999999999979e-06
1.361880999999999938e-06
2.871190999999999934e-05
3.091281000000000058e-05
2.843931000000000131e-05
2.134097999999999976e-05
1.326076000000000075e-05
7.522648000000000248e-06
4.473435000000000140e-06
2.840739000000000196e-06
1.659944999999999953e-06
