7.108129e-05 2.365758e-05  
5.826224e-05 2.268950e-05  
4.754922e-05 2.127998e-05  
3.878543e-05 1.949923e-05  
3.172154e-05 1.745173e-05  
2.606705e-05 1.526991e-05  
2.153049e-05 1.309118e-05  
1.784371e-05 1.103037e-05  
1.478902e-05 9.174254e-06  
1.220322e-05 7.572446e-06  
9.973746e-06 6.238787e-06  
8.032225e-06 5.159883e-06  
6.341672e-06 4.303395e-06  
4.884163e-06 3.626876e-06  
3.651743e-06 3.086967e-06  
2.638302e-06 2.644700e-06  
1.833653e-06 2.268189e-06  
1.221993e-06 1.935018e-06  
7.804005e-07 1.630990e-06  
4.731498e-07 1.346228e-06  
