9.005260e-05 3.237151e-05  
7.383226e-05 3.062909e-05  
6.041132e-05 2.833129e-05  
4.949661e-05 2.561301e-05  
4.070440e-05 2.264006e-05  
3.362968e-05 1.959762e-05  
2.789308e-05 1.666067e-05  
2.316236e-05 1.396076e-05  
1.918086e-05 1.158672e-05  
1.576500e-05 9.577859e-06  
1.279480e-05 7.930089e-06  
1.020213e-05 6.609067e-06  
7.953360e-06 5.562110e-06  
6.032697e-06 4.728595e-06  
4.431580e-06 4.051495e-06  
3.138803e-06 3.482480e-06  
2.135201e-06 2.984820e-06  
1.393052e-06 2.534692e-06  
8.704207e-07 2.116148e-06  
5.071376e-07 1.722652e-06  
