9.960227000000000479e-06
6.886107000000000001e-06
4.176892999999999787e-06
2.252849000000000138e-06
1.172846000000000019e-06
6.374861999999999529e-07
3.418660000000000253e-07
1.551646000000000049e-07
5.018384999999999974e-08
1.604300999999999939e-05
1.078412999999999936e-05
6.357510000000000393e-06
3.388823000000000063e-06
1.790495999999999941e-06
9.855113999999999847e-07
5.171261000000000132e-07
2.218167999999999961e-07
6.600862000000000361e-08
1.987341999999999988e-05
1.313520999999999989e-05
7.645335000000000214e-06
4.073926000000000371e-06
2.173332000000000048e-06
1.196472999999999996e-06
6.156219000000000130e-07
2.551988999999999890e-07
7.272429999999999959e-08
2.378699000000000042e-05
1.551885000000000135e-05
8.954759999999999963e-06
4.777175999999999948e-06
2.566802000000000196e-06
1.410204999999999994e-06
7.131043000000000336e-07
2.874587000000000037e-07
7.897979000000000236e-08
2.542742999999999856e-05
1.650507000000000018e-05
9.500770999999999571e-06
5.076390999999999759e-06
2.734082000000000143e-06
1.498104000000000006e-06
7.510193999999999520e-07
2.993311999999999798e-07
8.106447000000000141e-08
2.920789000000000133e-05
1.897597000000000053e-05
1.083004000000000075e-05
5.727576999999999593e-06
3.092040000000000045e-06
1.717884999999999901e-06
8.709677999999999834e-07
3.455996000000000025e-07
9.158896999999999748e-08
3.896964999999999712e-05
2.479737999999999940e-05
1.395116000000000010e-05
7.404873000000000347e-06
4.051005999999999581e-06
2.243501999999999836e-06
1.104949999999999899e-06
4.170207000000000094e-07
1.033061000000000041e-07
4.873312999999999804e-05
3.059307000000000150e-05
1.706637999999999837e-05
9.089946999999999386e-06
5.014533000000000292e-06
2.766622000000000089e-06
1.334187999999999956e-06
4.858323999999999743e-07
1.141920999999999999e-07
5.265364000000000296e-05
3.290368000000000004e-05
1.831429000000000113e-05
9.772496000000000768e-06
5.404137000000000026e-06
2.974364999999999939e-06
1.422662999999999985e-06
5.114494999999999768e-07
1.179321000000000055e-07
5.764196999999999930e-05
3.561822999999999931e-05
1.973245000000000112e-05
1.059458999999999947e-05
5.897795000000000171e-06
3.226288000000000018e-06
1.512446999999999938e-06
5.275125999999999984e-07
1.169619999999999987e-07
7.817955999999999658e-05
4.741445000000000138e-05
2.607850999999999843e-05
1.414463999999999948e-05
7.950454999999999759e-06
4.295898000000000183e-06
1.940094999999999930e-06
6.381386000000000256e-07
1.285191999999999985e-07
8.732303000000000612e-05
5.262237999999999812e-05
2.890650999999999914e-05
1.575091999999999996e-05
8.875968000000000193e-06
4.765408999999999761e-06
2.119211000000000063e-06
6.815708000000000246e-07
1.318579999999999887e-07
1.147363999999999947e-04
6.806718999999999704e-05
3.730720000000000086e-05
2.057649000000000126e-05
1.166628000000000073e-05
6.162575000000000031e-06
2.634557999999999840e-06
7.986546000000000317e-07
1.372761000000000099e-07
1.336416000000000047e-04
7.866694999999999396e-05
4.318278000000000128e-05
2.401076000000000116e-05
1.363015000000000027e-05
7.107179000000000381e-06
2.960372999999999955e-06
8.661412000000000108e-07
1.371088000000000028e-07
1.613530000000000118e-04
9.419868000000000186e-05
5.196735000000000313e-05
2.921733000000000102e-05
1.656763999999999982e-05
8.463533999999999188e-06
3.396861999999999835e-06
9.473925000000000311e-07
1.318966000000000112e-07
9.065754000000000514e-07
1.041967999999999898e-06
1.094959000000000031e-06
9.871864000000000576e-07
7.233911000000000407e-07
4.326100999999999994e-07
2.329977000000000033e-07
1.315133999999999897e-07
7.983947999999999859e-08
1.624155000000000080e-06
1.842872000000000039e-06
1.882457000000000059e-06
1.621716000000000094e-06
1.128754999999999919e-06
6.527622999999999556e-07
3.537932000000000078e-07
2.058098000000000037e-07
1.249719999999999891e-07
2.172543999999999896e-06
2.429678999999999849e-06
2.419828999999999850e-06
2.020078999999999993e-06
1.368967000000000085e-06
7.835301000000000209e-07
4.294036999999999952e-07
2.531664000000000004e-07
1.521313999999999960e-07
2.770336000000000118e-06
3.055434999999999910e-06
2.977129000000000003e-06
2.425097000000000000e-06
1.611852999999999948e-06
9.173379000000000394e-07
5.078220000000000060e-07
3.020011999999999898e-07
1.795333999999999922e-07
3.057288000000000026e-06
3.340656999999999922e-06
3.217640999999999980e-06
2.593002000000000047e-06
1.711864999999999957e-06
9.740041999999998961e-07
5.419098000000000288e-07
3.228618999999999775e-07
1.907221999999999898e-07
3.340171000000000059e-06
3.730689000000000035e-06
3.682444999999999858e-06
3.004252999999999949e-06
1.970539999999999856e-06
1.102551999999999985e-06
6.077596000000000154e-07
3.660336999999999777e-07
2.202056000000000114e-07
4.857652999999999856e-06
5.339040000000000300e-06
5.118479999999999654e-06
4.022353000000000416e-06
2.557153999999999844e-06
1.419139999999999935e-06
7.969523000000000311e-07
4.870743999999999533e-07
2.877895999999999898e-07
6.432983999999999630e-06
6.987687999999999698e-06
6.567018000000000048e-06
5.036802999999999657e-06
3.140317999999999890e-06
1.736540000000000064e-06
9.882437999999999808e-07
6.088815000000000249e-07
3.548210000000000245e-07
7.108448000000000047e-06
7.677868000000000602e-06
7.156890000000000183e-06
5.441539999999999742e-06
3.372359000000000029e-06
1.864853999999999925e-06
1.066554999999999905e-06
6.582334000000000369e-07
3.813456999999999761e-07
8.162405999999999723e-06
8.733226000000000807e-06
7.995176999999999701e-06
5.948354999999999904e-06
3.633985999999999887e-06
2.013135000000000166e-06
1.167063000000000053e-06
7.233193999999999885e-07
4.124617000000000014e-07
1.205793000000000061e-05
1.264314999999999939e-05
1.120941000000000048e-05
8.048933000000000411e-06
4.804857000000000235e-06
2.671898999999999963e-06
1.584041000000000069e-06
9.864843999999999498e-07
5.472263999999999747e-07
1.393695999999999946e-05
1.447513000000000010e-05
1.266385999999999974e-05
8.975319000000000591e-06
5.320607999999999729e-06
2.969275000000000044e-06
1.775402000000000031e-06
1.105302000000000086e-06
6.059890999999999533e-07
1.981916999999999951e-05
2.016244000000000139e-05
1.709460000000000062e-05
1.173660000000000042e-05
6.843569999999999599e-06
3.857887999999999612e-06
2.355921999999999938e-06
1.465154999999999993e-06
7.797282999999999822e-07
2.430013000000000005e-05
2.432370999999999958e-05
2.019358000000000123e-05
1.361506000000000005e-05
7.889758999999999756e-06
4.491186999999999729e-06
2.775485999999999976e-06
1.717749999999999986e-06
8.964531999999999715e-07
3.148037000000000231e-05
3.073666999999999789e-05
2.477721000000000125e-05
1.633442999999999939e-05
9.426815999999999700e-06
5.455231999999999916e-06
3.419633999999999928e-06
2.093761000000000163e-06
1.063429000000000013e-06
