2.623339e-05 6.422768e-06  
2.181268e-05 6.379868e-06  
1.793254e-05 6.224178e-06  
1.461772e-05 5.951317e-06  
1.185650e-05 5.566155e-06  
9.606482e-06 5.086397e-06  
7.802960e-06 4.540566e-06  
6.368037e-06 3.962094e-06  
5.223994e-06 3.386125e-06  
4.300947e-06 2.843236e-06  
3.541707e-06 2.355606e-06  
2.903814e-06 1.935806e-06  
2.358410e-06 1.587212e-06  
1.887432e-06 1.305581e-06  
1.480886e-06 1.082097e-06  
1.133537e-06 9.056443e-07  
8.422444e-07 7.648589e-07  
6.044813e-07 6.498101e-07  
4.170981e-07 5.526610e-07  
2.754682e-07 4.675732e-07  
