2.025684e-05 4.551055e-06  
1.693367e-05 4.559059e-06  
1.397814e-05 4.491069e-06  
1.142088e-05 4.340327e-06  
9.266527e-06 4.105909e-06  
7.495460e-06 3.795972e-06  
6.068367e-06 3.427463e-06  
4.932381e-06 3.022699e-06  
4.030883e-06 2.607223e-06  
3.310200e-06 2.205131e-06  
2.724478e-06 1.835657e-06  
2.238254e-06 1.511373e-06  
1.826306e-06 1.237811e-06  
1.472253e-06 1.014298e-06  
1.166454e-06 8.358312e-07  
9.036145e-07 6.949881e-07  
6.809280e-07 5.835966e-07  
4.964961e-07 4.939847e-07  
3.485769e-07 4.198707e-07  
2.345801e-07 3.562629e-07  
