2.881802e-05 7.234199e-06  
2.390624e-05 7.177437e-06  
1.961539e-05 6.989787e-06  
1.596828e-05 6.666962e-06  
1.294546e-05 6.216196e-06  
1.049285e-05 5.659792e-06  
8.532797e-06 5.032492e-06  
6.975153e-06 4.373856e-06  
5.732101e-06 3.724093e-06  
4.726151e-06 3.117055e-06  
3.895111e-06 2.576338e-06  
3.193567e-06 2.114406e-06  
2.591257e-06 1.733373e-06  
2.069676e-06 1.427221e-06  
1.618980e-06 1.185211e-06  
1.234183e-06 9.943845e-07  
9.122586e-07 8.418807e-07  
6.505607e-07 7.166645e-07  
4.454921e-07 6.102018e-07  
2.919933e-07 5.164233e-07  
