4.527082e-05 1.319401e-05  
3.728340e-05 1.286545e-05  
3.046478e-05 1.229060e-05  
2.478783e-05 1.148484e-05  
2.015849e-05 1.048496e-05  
1.643894e-05 9.350640e-06  
1.347085e-05 8.155077e-06  
1.109322e-05 6.968989e-06  
9.164026e-06 5.854737e-06  
7.567897e-06 4.856959e-06  
6.218960e-06 3.999782e-06  
5.059418e-06 3.288952e-06  
4.054005e-06 2.715414e-06  
3.183113e-06 2.260227e-06  
2.437147e-06 1.900329e-06  
1.811167e-06 1.612560e-06  
1.300376e-06 1.376020e-06  
8.980286e-07 1.174347e-06  
5.942047e-07 9.961260e-07  
3.751319e-07 8.342257e-07  
