9.986887999999999714e-06
6.904059000000000029e-06
4.187515999999999736e-06
2.258666999999999800e-06
1.176087999999999936e-06
6.393192000000000461e-07
3.427879000000000198e-07
1.555174999999999895e-07
5.026810000000000263e-08
1.609240999999999929e-05
1.081645999999999944e-05
6.376230999999999837e-06
3.399110000000000055e-06
1.796321000000000008e-06
9.887731000000000013e-07
5.186954999999999875e-07
2.223713000000000028e-07
6.612547000000000244e-08
1.994048999999999922e-05
1.317827000000000012e-05
7.670068999999999832e-06
4.087681000000000378e-06
2.181153000000000155e-06
1.200781999999999932e-06
6.176155999999999681e-07
2.558650999999999874e-07
7.285425000000000533e-08
2.387337999999999944e-05
1.557368000000000164e-05
8.986175000000000407e-06
4.794747999999999651e-06
2.576843000000000173e-06
1.415658999999999984e-06
7.155396000000000448e-07
2.882288000000000219e-07
7.911929999999999829e-08
2.552261999999999993e-05
1.656548999999999850e-05
9.535389000000000126e-06
5.095775999999999744e-06
2.745130999999999993e-06
1.504046999999999942e-06
7.536478999999999811e-07
3.001519000000000078e-07
8.120697000000000418e-08
2.931231000000000125e-05
1.904223000000000081e-05
1.086762999999999949e-05
5.748388000000000400e-06
3.104010000000000119e-06
1.724509000000000000e-06
8.739934000000000048e-07
3.465561999999999808e-07
9.175837999999999556e-08
3.912336999999999673e-05
2.489302999999999907e-05
1.400510999999999981e-05
7.435118000000000258e-06
4.068501000000000334e-06
2.252980999999999970e-06
1.109069999999999912e-06
4.182402000000000025e-07
1.034931000000000044e-07
4.893765000000000062e-05
3.071896999999999974e-05
1.713725999999999997e-05
9.129978000000000494e-06
5.037793999999999695e-06
2.779045000000000173e-06
1.339416000000000061e-06
4.873039999999999807e-07
1.143953000000000026e-07
5.287965999999999847e-05
3.304302000000000335e-05
1.839265000000000084e-05
9.816993000000000217e-06
5.429887999999999977e-06
2.988045000000000205e-06
1.428373000000000054e-06
5.130224999999999869e-07
1.181372999999999974e-07
5.789956000000000101e-05
3.577464999999999806e-05
1.982057999999999989e-05
1.064519000000000031e-05
5.927120000000000098e-06
3.241591999999999795e-06
1.518651999999999906e-06
5.291464000000000140e-07
1.171491000000000044e-07
7.855844000000000607e-05
4.764152000000000257e-05
2.620724000000000152e-05
1.421934999999999965e-05
7.993712000000000555e-06
4.317895999999999663e-06
1.948543000000000192e-06
6.402045999999999860e-07
1.286885000000000078e-07
8.776072999999999687e-05
5.288389000000000300e-05
2.905522000000000063e-05
1.583759000000000162e-05
8.925987000000000027e-06
4.790536000000000275e-06
2.128686999999999902e-06
6.838136000000000160e-07
1.320111999999999877e-07
1.153433000000000041e-04
6.842850999999999784e-05
3.751508000000000132e-05
2.069922999999999867e-05
1.173663999999999983e-05
6.196958000000000241e-06
2.646833000000000074e-06
8.013528999999999970e-07
1.373560000000000025e-07
1.343833000000000115e-04
7.910638999999999800e-05
4.343668000000000236e-05
2.416133000000000064e-05
1.371605000000000059e-05
7.148282999999999979e-06
2.974608000000000083e-06
8.691225999999999981e-07
1.371139999999999928e-07
1.622938999999999946e-04
9.475710999999999509e-05
5.229427000000000305e-05
2.941243999999999922e-05
1.667756000000000165e-05
8.514538000000000165e-06
3.413668999999999808e-06
9.506683999999999949e-07
1.317872999999999905e-07
9.090526000000000122e-07
1.044926000000000022e-06
1.098066000000000034e-06
9.898610999999999645e-07
7.252178000000000448e-07
4.336671000000000068e-07
2.336077999999999989e-07
1.318980000000000075e-07
8.007509000000000291e-08
1.629316000000000029e-06
1.848912999999999928e-06
1.888578000000000038e-06
1.626712999999999963e-06
1.132008999999999956e-06
6.546243000000000023e-07
3.548977000000000029e-07
2.065163999999999897e-07
1.253915999999999937e-07
2.180385000000000131e-06
2.438559999999999993e-06
2.428470000000000146e-06
2.026833999999999897e-06
1.373274999999999993e-06
7.860095999999999605e-07
4.309061000000000260e-07
2.541266000000000145e-07
1.526834000000000131e-07
2.781173999999999861e-06
3.067437999999999836e-06
2.988604999999999993e-06
2.433769000000000093e-06
1.617305000000000095e-06
9.204965000000000264e-07
5.097736999999999665e-07
3.032490999999999834e-07
1.802248999999999954e-07
3.069757000000000110e-06
3.354048000000000045e-06
3.230312000000000134e-06
2.602569000000000069e-06
1.717866000000000012e-06
9.774970000000000874e-07
5.440770000000000087e-07
3.242380999999999869e-07
1.914795999999999963e-07
3.352426999999999980e-06
3.744798999999999888e-06
3.696178000000000104e-06
3.014852999999999898e-06
1.977128999999999837e-06
1.106301999999999949e-06
6.100459000000000430e-07
3.675244000000000243e-07
2.210572999999999952e-07
4.877585000000000328e-06
5.361430999999999829e-06
5.139449000000000164e-06
4.037884999999999711e-06
2.566591000000000089e-06
1.424568000000000054e-06
8.003499000000000509e-07
4.892773000000000504e-07
2.889960999999999947e-07
6.461367999999999628e-06
7.019012000000000383e-06
6.595523000000000210e-06
5.057387000000000339e-06
3.152699000000000086e-06
1.743686999999999989e-06
9.928097000000000839e-07
6.118212000000000470e-07
3.563955000000000231e-07
7.141688000000000257e-06
7.713241999999999156e-06
7.188739000000000325e-06
5.464356999999999595e-06
3.385990000000000001e-06
1.872831000000000103e-06
1.071639000000000058e-06
6.614941999999999651e-07
3.830810999999999799e-07
8.200887000000000820e-06
8.774748999999999901e-06
8.031973999999999207e-06
5.974072000000000186e-06
3.649237999999999924e-06
2.022176000000000068e-06
1.172908000000000036e-06
7.270445999999999880e-07
4.143894999999999798e-07
1.211939999999999953e-05
1.270799000000000028e-05
1.126467999999999936e-05
8.086381000000000734e-06
4.826974999999999639e-06
2.685251999999999884e-06
1.592826000000000104e-06
9.920076000000000294e-07
5.499709999999999687e-07
1.401061000000000002e-05
1.455171000000000065e-05
1.272817999999999983e-05
9.018461000000000118e-06
5.346069999999999960e-06
2.984794999999999855e-06
1.785645000000000079e-06
1.111692999999999895e-06
6.091212999999999951e-07
1.992937000000000059e-05
2.027346999999999954e-05
1.718465999999999887e-05
1.179581999999999949e-05
6.878708000000000108e-06
3.879849999999999792e-06
2.370633000000000076e-06
1.474156000000000061e-06
7.839815999999999902e-07
2.444231999999999945e-05
2.446418000000000063e-05
2.030484999999999923e-05
1.368709000000000078e-05
7.932509999999999713e-06
4.518296999999999712e-06
2.793684999999999833e-06
1.728717999999999929e-06
9.015377000000000327e-07
3.167306999999999794e-05
3.092089999999999731e-05
2.491879999999999933e-05
1.642499999999999944e-05
9.481367999999999513e-06
5.490617000000000255e-06
3.443441999999999819e-06
2.107746000000000165e-06
1.069722000000000081e-06
