6.981872000000000092e-06
5.340141000000000411e-06
3.657029000000000050e-06
2.178992999999999824e-06
1.143455999999999992e-06
5.812134999999999919e-07
3.132848999999999971e-07
1.652999000000000123e-07
7.106224000000000172e-08
1.029606999999999915e-05
7.848061000000000278e-06
5.311105000000000203e-06
3.093521000000000057e-06
1.593885999999999930e-06
8.184344000000000299e-07
4.504326999999999912e-07
2.370137000000000043e-07
9.823073000000000123e-08
1.093991999999999977e-05
8.374295999999999484e-06
5.685699000000000228e-06
3.308737000000000149e-06
1.696927999999999934e-06
8.701336999999999984e-07
4.812593999999999505e-07
2.547866000000000218e-07
1.057835000000000022e-07
1.186420000000000069e-05
9.059425000000000087e-06
6.143573999999999635e-06
3.570538000000000152e-06
1.827998000000000061e-06
9.370386999999999745e-07
5.180912999999999536e-07
2.738267999999999966e-07
1.132966000000000035e-07
1.236117000000000078e-05
9.395946000000000113e-06
6.359547000000000083e-06
3.696829999999999891e-06
1.894390999999999986e-06
9.701864999999999902e-07
5.340663000000000420e-07
2.809655999999999811e-07
1.158600000000000065e-07
3.109166000000000311e-05
2.202975000000000029e-05
1.366200000000000065e-05
7.446201999999999591e-06
3.868667999999999871e-06
2.103752000000000030e-06
1.145804000000000008e-06
5.360802000000000042e-07
1.822172000000000072e-07
3.957866999999999896e-05
2.773316000000000130e-05
1.695134000000000091e-05
9.143112999999999479e-06
4.769381000000000136e-06
2.619638000000000074e-06
1.421728000000000011e-06
6.502042000000000274e-07
2.118811000000000086e-07
4.681499999999999816e-05
3.268086999999999869e-05
1.982893000000000126e-05
1.061558999999999978e-05
5.540592999999999961e-06
3.063861999999999804e-06
1.665584999999999995e-06
7.544875999999999513e-07
2.399348999999999921e-07
4.924220000000000094e-05
3.434433999999999854e-05
2.080097000000000085e-05
1.111453999999999947e-05
5.801441999999999943e-06
3.213363999999999868e-06
1.747470000000000017e-06
7.897131000000000174e-07
2.494824000000000053e-07
6.665865000000000256e-05
4.463286000000000147e-05
2.620942000000000155e-05
1.403910000000000082e-05
7.537741000000000342e-06
4.189185999999999671e-06
2.175379000000000014e-06
9.071433999999999543e-07
2.626551000000000105e-07
9.155408000000000350e-05
6.015752000000000268e-05
3.472170999999999727e-05
1.854978999999999913e-05
1.008797000000000025e-05
5.633032000000000145e-06
2.867833000000000160e-06
1.143188000000000006e-06
3.098627999999999892e-07
1.002691999999999988e-04
6.559422999999999827e-05
3.769266999999999702e-05
2.011917000000000002e-05
1.097645000000000059e-05
6.138243000000000075e-06
3.111160999999999942e-06
1.226241999999999897e-06
3.265293999999999937e-07
1.458635999999999971e-04
9.273544000000000264e-05
5.241758000000000306e-05
2.824819999999999832e-05
1.571457999999999888e-05
8.729210000000000064e-06
4.235357000000000012e-06
1.550032000000000019e-06
3.743283000000000181e-07
1.692513000000000036e-04
1.065787000000000033e-04
5.993551000000000309e-05
3.242880999999999759e-05
1.815803000000000003e-05
1.005632999999999931e-05
4.802539999999999592e-06
1.709605000000000041e-06
3.968474000000000017e-07
2.084164000000000058e-04
1.292987999999999961e-04
7.245995000000000409e-05
3.963227000000000129e-05
2.238691000000000145e-05
1.226212000000000043e-05
5.672179999999999960e-06
1.925631999999999862e-06
4.174187999999999764e-07
4.119525999999999880e-07
4.928191000000000060e-07
5.654197999999999528e-07
5.922340000000000077e-07
5.302840999999999514e-07
3.818005999999999970e-07
2.210170999999999919e-07
1.154958000000000064e-07
6.485633999999999774e-08
6.022690999999999703e-07
7.252293999999999838e-07
8.428353999999999849e-07
8.937970999999999852e-07
7.950571000000000420e-07
5.537858000000000486e-07
3.096403999999999806e-07
1.610091000000000014e-07
9.288503000000000386e-08
6.247789000000000466e-07
7.538980999999999843e-07
8.820872000000000399e-07
9.467677000000000214e-07
8.511290999999999898e-07
5.938800999999999605e-07
3.303476000000000192e-07
1.708060000000000010e-07
9.871367999999999696e-08
6.971353000000000049e-07
8.343813999999999807e-07
9.649937000000000948e-07
1.028050000000000050e-06
9.222685999999999632e-07
6.421286999999999893e-07
3.563989000000000217e-07
1.842066000000000078e-07
1.064182000000000046e-07
7.649022999999999525e-07
9.016395000000000052e-07
1.022048999999999996e-06
1.072617999999999977e-06
9.561046999999999415e-07
6.648539000000000398e-07
3.697198000000000202e-07
1.914860999999999904e-07
1.102425000000000027e-07
2.466568000000000200e-06
2.903144999999999967e-06
3.167726999999999868e-06
2.983856999999999797e-06
2.267292000000000077e-06
1.379380999999999982e-06
7.415634999999999686e-07
4.154787000000000079e-07
2.540368000000000027e-07
3.251165999999999799e-06
3.822879000000000334e-06
4.148214999999999720e-06
3.849603999999999641e-06
2.855969000000000048e-06
1.700909999999999949e-06
9.108702000000000403e-07
5.179272000000000401e-07
3.193143999999999916e-07
3.853397000000000369e-06
4.546851999999999983e-06
4.951929000000000137e-06
4.588843000000000137e-06
3.370958000000000108e-06
1.982155999999999899e-06
1.055733999999999996e-06
6.044773000000000231e-07
3.756946000000000083e-07
4.059990999999999631e-06
4.791144000000000117e-06
5.220412999999999750e-06
4.836008000000000167e-06
3.544224999999999935e-06
2.077408000000000016e-06
1.104910000000000065e-06
6.336856000000000320e-07
3.946232999999999758e-07
6.617524000000000408e-06
7.579710000000000313e-06
7.768346000000000653e-06
6.626423000000000202e-06
4.533255999999999919e-06
2.598087000000000016e-06
1.427773000000000009e-06
8.514125999999999804e-07
5.181217999999999484e-07
9.721352999999999554e-06
1.104379999999999919e-05
1.110024999999999930e-05
9.175199000000000446e-06
6.073330999999999738e-06
3.423945999999999947e-06
1.904209999999999976e-06
1.158502000000000059e-06
7.007707000000000455e-07
1.078870999999999957e-05
1.224423000000000084e-05
1.226541000000000019e-05
1.007000000000000015e-05
6.612448000000000052e-06
3.711529999999999936e-06
2.069632999999999908e-06
1.265541000000000069e-06
7.648429999999999885e-07
1.782376000000000094e-05
1.971689000000000021e-05
1.886644999999999959e-05
1.465809999999999947e-05
9.235059999999999634e-06
5.156825000000000386e-06
2.968300000000000024e-06
1.851609000000000020e-06
1.085883000000000010e-06
2.153470999999999969e-05
2.363229000000000002e-05
2.228298999999999924e-05
1.700214000000000049e-05
1.056813000000000007e-05
5.896988000000000129e-06
3.433310999999999899e-06
2.154489000000000202e-06
1.249619999999999989e-06
2.875919000000000001e-05
3.089020999999999846e-05
2.820474000000000060e-05
2.084481000000000143e-05
1.273117999999999963e-05
7.153706999999999777e-06
4.257715000000000112e-06
2.682831999999999998e-06
1.516664000000000087e-06
