7.001830000000000011e-06
5.387715999999999697e-06
3.727324999999999927e-06
2.254606000000000145e-06
1.202117999999999965e-06
6.159310000000000114e-07
3.335502000000000032e-07
1.797403999999999887e-07
8.119671000000000260e-08
1.032546999999999925e-05
7.919275999999999901e-06
5.417115000000000396e-06
3.205415999999999856e-06
1.676421999999999922e-06
8.656209999999999662e-07
4.788945999999999795e-07
2.582470999999999885e-07
1.130426999999999988e-07
1.097076999999999966e-05
8.449418000000000016e-06
5.798813000000000006e-06
3.429092999999999933e-06
1.785361000000000074e-06
9.201412999999999836e-07
5.113236000000000378e-07
2.774478999999999919e-07
1.217700000000000111e-07
1.189808000000000078e-05
9.141129000000000618e-06
6.266026000000000102e-06
3.700791000000000174e-06
1.923430000000000065e-06
9.908747000000000338e-07
5.505112999999999752e-07
2.982583999999999915e-07
1.305359999999999984e-07
1.239720999999999950e-05
9.481526000000000063e-06
6.486470000000000087e-06
3.831505000000000003e-06
1.993185000000000043e-06
1.026166999999999953e-06
5.677905999999999836e-07
3.061645999999999939e-07
1.335649999999999920e-07
3.120141000000000320e-05
2.227847999999999884e-05
1.398393999999999947e-05
7.731277000000000415e-06
4.054625000000000164e-06
2.216515000000000072e-06
1.226050999999999919e-06
5.951599000000000512e-07
2.161288000000000050e-07
3.972190999999999727e-05
2.805592000000000158e-05
1.736102000000000001e-05
9.495342000000000270e-06
4.994844999999999778e-06
2.758568000000000115e-06
1.523246999999999902e-06
7.245409000000000369e-07
2.529799999999999796e-07
4.698516000000000265e-05
3.306587000000000263e-05
2.031528000000000042e-05
1.102738000000000080e-05
5.800258000000000295e-06
3.224650999999999935e-06
1.785062000000000080e-06
8.422861999999999868e-07
2.876131999999999804e-07
4.942102000000000138e-05
3.475004000000000043e-05
2.131305000000000086e-05
1.154650000000000033e-05
6.072752000000000061e-06
3.381576999999999946e-06
1.872969999999999916e-06
8.820100999999999869e-07
2.993803000000000011e-07
6.692910000000000265e-05
4.520707000000000084e-05
2.687299000000000103e-05
1.456679999999999917e-05
7.875794999999999698e-06
4.416320000000000095e-06
2.347407000000000156e-06
1.023924999999999899e-06
3.185500999999999958e-07
9.194197999999999347e-05
6.096296000000000288e-05
3.561802999999999888e-05
1.923889999999999972e-05
1.053004000000000024e-05
5.941555000000000240e-06
3.104693999999999941e-06
1.298946999999999991e-06
3.794480000000000239e-07
1.006982999999999978e-04
6.648102000000000406e-05
3.867091999999999736e-05
2.086458999999999940e-05
1.145455000000000030e-05
6.475001000000000079e-06
3.370728999999999928e-06
1.395715000000000028e-06
4.008877999999999986e-07
1.465359000000000008e-04
9.405345999999999379e-05
5.378638000000000256e-05
2.926040999999999926e-05
1.638502000000000122e-05
9.227973999999999276e-06
4.616601999999999612e-06
1.782069000000000047e-06
4.677397000000000018e-07
1.700514000000000029e-04
1.081194000000000003e-04
6.150289000000000298e-05
3.357677999999999873e-05
1.892800999999999972e-05
1.063940000000000015e-05
5.246369999999999881e-06
1.973099999999999794e-06
4.996880999999999863e-07
2.094404000000000014e-04
1.312060000000000038e-04
7.433956999999999338e-05
4.100285000000000334e-05
2.333483999999999832e-05
1.299760000000000071e-05
6.221905000000000020e-06
2.235911999999999964e-06
5.331565000000000003e-07
4.112479999999999778e-07
4.908946000000000340e-07
5.630802000000000210e-07
5.930283000000000375e-07
5.385676999999999529e-07
3.970879000000000229e-07
2.358918999999999869e-07
1.247311999999999913e-07
6.962161000000000108e-08
6.011676999999999973e-07
7.221976999999999633e-07
8.388026000000000283e-07
8.946318000000000290e-07
8.086957999999999933e-07
5.779758000000000025e-07
3.313360999999999887e-07
1.736022999999999980e-07
9.930322999999999975e-08
6.236511999999999617e-07
7.506713999999999809e-07
8.775119999999999765e-07
9.469459999999999880e-07
8.653134999999999484e-07
6.199468999999999673e-07
3.537412000000000018e-07
1.842388000000000020e-07
1.054590999999999970e-07
6.959109000000000247e-07
8.310776000000000303e-07
9.604428999999999214e-07
1.028484999999999988e-06
9.377446999999999809e-07
6.704708000000000377e-07
3.816936000000000080e-07
1.986864999999999971e-07
1.137132999999999969e-07
7.636301999999999474e-07
8.985610999999999873e-07
1.018059999999999999e-06
1.073728999999999940e-06
9.723930000000000173e-07
6.941730999999999971e-07
3.958417000000000022e-07
2.065284000000000033e-07
1.178829999999999975e-07
2.461447000000000084e-06
2.894370000000000208e-06
3.164667999999999920e-06
3.011770000000000134e-06
2.333257000000000046e-06
1.452500000000000069e-06
7.918288999999999973e-07
4.427077999999999853e-07
2.714371000000000159e-07
3.244184000000000193e-06
3.811574000000000194e-06
4.145829000000000350e-06
3.890157000000000336e-06
2.944446999999999949e-06
1.793460000000000020e-06
9.719103000000000549e-07
5.507578000000000032e-07
3.412112999999999738e-07
3.844997999999999977e-06
4.532801999999999669e-06
4.948571000000000194e-06
4.638651000000000288e-06
3.478609000000000070e-06
2.092030999999999842e-06
1.126408999999999959e-06
6.420021000000000522e-07
4.011827999999999890e-07
4.050941000000000116e-06
4.776105999999999635e-06
5.216671000000000219e-06
4.888817999999999751e-06
3.658227000000000084e-06
2.193096000000000119e-06
1.178861000000000037e-06
6.728249000000000521e-07
4.213025000000000100e-07
6.604013999999999753e-06
7.565905999999999589e-06
7.788132999999999452e-06
6.730855999999999851e-06
4.696290999999999790e-06
2.741508999999999962e-06
1.515509999999999996e-06
9.021334999999999830e-07
5.573262000000000080e-07
9.701739000000000659e-06
1.102777999999999998e-05
1.114088999999999965e-05
9.338562000000000054e-06
6.304591000000000130e-06
3.614000000000000042e-06
2.016546999999999905e-06
1.225782999999999932e-06
7.561260999999999695e-07
1.076695999999999932e-05
1.222717000000000003e-05
1.231302000000000023e-05
1.025403000000000082e-05
6.867812000000000035e-06
3.917972999999999901e-06
2.190525000000000089e-06
1.338514999999999965e-06
8.258728000000000153e-07
1.779157999999999949e-05
1.971033999999999940e-05
1.898365999999999978e-05
1.497155999999999968e-05
9.610785000000000175e-06
5.436082000000000277e-06
3.129623999999999887e-06
1.958493999999999802e-06
1.180850999999999911e-06
2.149719000000000076e-05
2.363225000000000061e-05
2.243829000000000095e-05
1.738343999999999970e-05
1.100510000000000073e-05
6.212822000000000230e-06
3.615274000000000057e-06
2.279182999999999876e-06
1.362234999999999969e-06
2.871467999999999999e-05
3.091467000000000195e-05
2.844299000000000125e-05
2.134570999999999862e-05
1.326417999999999944e-05
7.524650000000000030e-06
4.474546000000000103e-06
2.841372999999999909e-06
1.660317000000000057e-06
