5.730074000000000121e-06
4.403899000000000066e-06
3.045559000000000041e-06
1.847343000000000000e-06
9.940665999999999024e-07
5.172055000000000450e-07
2.854130999999999817e-07
1.582388999999999996e-07
7.483946999999999695e-08
8.522834999999999859e-06
6.519771999999999891e-06
4.452727000000000270e-06
2.642438000000000093e-06
1.396969999999999942e-06
7.328728999999999556e-07
4.132000000000000207e-07
2.296803999999999978e-07
1.056480999999999996e-07
9.123477000000000401e-06
6.997810000000000006e-06
4.788361999999999980e-06
2.838368999999999997e-06
1.494758999999999998e-06
7.830339000000000035e-07
4.430030000000000130e-07
2.474087000000000123e-07
1.140324999999999989e-07
9.958663000000000506e-06
7.611018999999999948e-06
5.196901999999999799e-06
3.076298000000000036e-06
1.618607000000000036e-06
8.481470000000000044e-07
4.793944000000000327e-07
2.668902000000000138e-07
1.225428000000000033e-07
1.040509000000000070e-05
7.913656999999999167e-06
5.391692000000000182e-06
3.192495000000000001e-06
1.682265000000000062e-06
8.813866000000000343e-07
4.959501999999999751e-07
2.744846000000000172e-07
1.255176999999999964e-07
2.563142999999999864e-05
1.829518999999999991e-05
1.151199000000000021e-05
6.417979999999999664e-06
3.414672000000000178e-06
1.900916999999999922e-06
1.079841000000000094e-06
5.467196999999999851e-07
2.112796000000000015e-07
3.275517999999999968e-05
2.312150999999999947e-05
1.434647000000000022e-05
7.919596000000000263e-06
4.229590999999999668e-06
2.380039999999999916e-06
1.351047000000000094e-06
6.713336999999999917e-07
2.500323999999999937e-07
3.885681999999999840e-05
2.731810999999999924e-05
1.682962000000000032e-05
9.225714000000000419e-06
4.929000999999999973e-06
2.791906999999999881e-06
1.589184999999999973e-06
7.840885000000000400e-07
2.861568999999999940e-07
4.091691000000000192e-05
2.873660999999999929e-05
1.767252999999999934e-05
9.670951000000000371e-06
5.167323000000000060e-06
2.931496000000000113e-06
1.669430000000000040e-06
8.221113999999999907e-07
2.983869999999999838e-07
5.529193000000000036e-05
3.738646000000000254e-05
2.234139999999999924e-05
1.225193000000000079e-05
6.734938000000000297e-06
3.859154999999999645e-06
2.119349000000000061e-06
9.707418000000000932e-07
3.237355999999999862e-07
7.616994999999999398e-05
5.058323000000000257e-05
2.974248000000000056e-05
1.627282999999999985e-05
9.061875999999999769e-06
5.230685000000000387e-06
2.829733999999999867e-06
1.246850999999999999e-06
3.921440000000000206e-07
8.354758000000000486e-05
5.524354000000000336e-05
3.234852999999999909e-05
1.768577000000000059e-05
9.880745999999999266e-06
5.714762000000000123e-06
3.081008999999999845e-06
1.344449000000000077e-06
4.162430000000000037e-07
1.217349000000000057e-04
7.837718999999999827e-05
4.520189999999999831e-05
2.494717999999999922e-05
1.422990000000000076e-05
8.219825999999999928e-06
4.274914000000000318e-06
1.746520000000000051e-06
4.975301999999999667e-07
1.415831999999999898e-04
9.033143000000000259e-05
5.185365999999999847e-05
2.873572000000000141e-05
1.650799000000000117e-05
9.523844000000000561e-06
4.887005999999999708e-06
1.947810000000000075e-06
5.368536000000000289e-07
1.749002000000000098e-04
1.100428000000000029e-04
6.298227999999999357e-05
3.529020000000000307e-05
2.048490000000000101e-05
1.172824000000000005e-05
5.852273000000000169e-06
2.232733000000000092e-06
5.817780000000000099e-07
3.389096999999999791e-07
4.044065000000000154e-07
4.629161999999999984e-07
4.853941000000000305e-07
4.383803000000000149e-07
3.222759000000000013e-07
1.919721000000000121e-07
1.019864999999999981e-07
5.726302999999999763e-08
5.034378999999999661e-07
6.042745000000000155e-07
6.990635999999999971e-07
7.396036999999999539e-07
6.624864000000000155e-07
4.717700999999999874e-07
2.714271000000000046e-07
1.428274000000000075e-07
8.218932000000000503e-08
5.311768000000000081e-07
6.381137999999999551e-07
7.410740000000000091e-07
7.902093999999999741e-07
7.129766000000000238e-07
5.081821999999999750e-07
2.911205999999999817e-07
1.524244000000000106e-07
8.773784999999999972e-08
6.006995000000000116e-07
7.152431999999999522e-07
8.195971999999999614e-07
8.648013000000000188e-07
7.765087000000000054e-07
5.517420999999999838e-07
3.155343999999999935e-07
1.653708999999999869e-07
9.522259999999999665e-08
6.617494000000000003e-07
7.762473999999999712e-07
8.718546000000000254e-07
9.054995999999999803e-07
8.069302999999999633e-07
5.723108999999999503e-07
3.280145999999999943e-07
1.725278000000000105e-07
9.911938000000000436e-08
2.036099000000000053e-06
2.390337000000000184e-06
2.603169000000000114e-06
2.463825999999999897e-06
1.902678000000000039e-06
1.187115000000000026e-06
6.500702999999999735e-07
3.652170000000000072e-07
2.280352000000000010e-07
2.700310999999999886e-06
3.165353999999999798e-06
3.425509000000000105e-06
3.193242000000000080e-06
2.408832000000000165e-06
1.471118000000000058e-06
8.009617999999999586e-07
4.564450000000000086e-07
2.886044999999999953e-07
3.219204999999999953e-06
3.783927999999999815e-06
4.104921000000000233e-06
3.817886999999999755e-06
2.852257000000000074e-06
1.720459000000000014e-06
9.309105999999999687e-07
5.336053999999999614e-07
3.405197000000000048e-07
3.399829000000000208e-06
3.995352000000000266e-06
4.334086999999999997e-06
4.027998999999999989e-06
3.002063000000000059e-06
1.805276000000000078e-06
9.753642999999998952e-07
5.599192999999999493e-07
3.580455999999999804e-07
5.483791000000000297e-06
6.266519999999999762e-06
6.421747000000000097e-06
5.526090999999999875e-06
3.853771000000000105e-06
2.258274000000000175e-06
1.254377000000000010e-06
7.545335000000000113e-07
4.798333000000000354e-07
8.079950999999999849e-06
9.156122000000000493e-06
9.204421000000000282e-06
7.683668999999999159e-06
5.189044000000000153e-06
2.987597999999999936e-06
1.675740999999999970e-06
1.031573000000000101e-06
6.571605000000000035e-07
8.988966999999999549e-06
1.017263999999999922e-05
1.018852999999999950e-05
8.447725000000000505e-06
5.660401000000000289e-06
3.244007999999999994e-06
1.823611999999999905e-06
1.129108999999999950e-06
7.199464999999999941e-07
1.480671000000000074e-05
1.635404999999999972e-05
1.568648999999999895e-05
1.234203000000000014e-05
7.938991999999999493e-06
4.512638999999999808e-06
2.614590999999999884e-06
1.665157000000000039e-06
1.042333000000000020e-06
1.793024999999999998e-05
1.964551000000000090e-05
1.857331000000000124e-05
1.435786999999999980e-05
9.111259999999999227e-06
5.170363000000000119e-06
3.030063999999999861e-06
1.947124000000000198e-06
1.209604999999999958e-06
2.398206999999999992e-05
2.573385000000000096e-05
2.358624000000000069e-05
1.767541000000000091e-05
1.101543000000000001e-05
6.283575000000000228e-06
3.769247999999999898e-06
2.447117999999999903e-06
1.488260999999999988e-06
